
0.000000000000000e+00	-4.389676e+00	5.000000e+00
9.765625114122045e-11	-4.389676e+00	4.999999e+00
1.953125022824409e-10	-4.389676e+00	4.999998e+00
1.445312516890063e-08	-4.389676e+00	4.999864e+00
2.871093783551882e-08	-4.389676e+00	4.999731e+00
4.296875050213701e-08	-4.389676e+00	4.999597e+00
5.722656316875520e-08	-4.389677e+00	4.999463e+00
7.148437583537340e-08	-4.389677e+00	4.999329e+00
8.574218850199158e-08	-4.389677e+00	4.999195e+00
1.000000011686097e-07	-4.389678e+00	4.999062e+00
6.329821430808487e-05	-4.390607e+00	4.429283e+00
1.264964286150011e-04	-4.391488e+00	3.889619e+00
1.896946429219174e-04	-4.392319e+00	3.380071e+00
2.528928572288337e-04	-4.393101e+00	2.900639e+00
3.160910715357499e-04	-4.393834e+00	2.451323e+00
3.792892858426662e-04	-4.394517e+00	2.032122e+00
4.424875001495823e-04	-4.395152e+00	1.643037e+00
4.703892858638680e-04	-4.398908e+00	1.477237e+00
4.982910715781538e-04	-4.402640e+00	1.315604e+00
5.261928572924395e-04	-4.406349e+00	1.158138e+00
5.540946430067252e-04	-4.410034e+00	1.004840e+00
5.819964287210109e-04	-4.413695e+00	8.557085e-01
6.098982144352968e-04	-4.417334e+00	7.107446e-01
6.378000001495824e-04	-4.420949e+00	5.699481e-01
6.573312501495824e-04	-4.436834e+00	4.733208e-01
6.740723215781538e-04	-4.451627e+00	3.917711e-01
6.908133930067253e-04	-4.466225e+00	3.112945e-01
7.075544644352967e-04	-4.480629e+00	2.318908e-01
7.242955358638682e-04	-4.494838e+00	1.535601e-01
7.410366072924397e-04	-4.508852e+00	7.630234e-02
7.577776787210111e-04	-4.522671e+00	1.175857e-04
7.745187501495825e-04	-4.536296e+00	-7.499420e-02
7.940500001495825e-04	-4.551965e+00	-1.613758e-01
8.233468751495826e-04	-4.575005e+00	-2.883869e-01
8.331125001495826e-04	-4.582562e+00	-3.300517e-01
8.428781251495826e-04	-4.590059e+00	-3.713848e-01
8.526437501495826e-04	-4.597494e+00	-4.124203e-01
8.586239045109329e-04	-4.601768e+00	-4.374134e-01
8.593568452971690e-04	-4.602249e+00	-4.404651e-01
8.608227268696411e-04	-4.603193e+00	-4.465576e-01
8.611891972627591e-04	-4.603423e+00	-4.480797e-01
8.619221380489952e-04	-4.603876e+00	-4.511222e-01
8.621053732455542e-04	-4.603988e+00	-4.518825e-01
8.624718436386722e-04	-4.604210e+00	-4.534024e-01
8.630093805561780e-04	-4.599206e+00	-4.556301e-01
8.630543110503401e-04	-4.588540e+00	-4.558158e-01
8.631441720386643e-04	-4.566984e+00	-4.561848e-01
8.633238940153127e-04	-4.520989e+00	-4.569154e-01
8.636385885585009e-04	-4.427015e+00	-4.581689e-01
8.641266160431812e-04	-4.257469e+00	-4.600311e-01
8.651026710125417e-04	-3.907745e+00	-4.635192e-01
8.660437633389627e-04	-3.573969e+00	-4.665945e-01
8.692687633389628e-04	-2.425245e+00	-4.748104e-01
8.694703445880907e-04	-2.353523e+00	-4.751939e-01
8.697149231410281e-04	-2.283731e+00	-4.756446e-01
8.699502791489699e-04	-2.257254e+00	-4.760683e-01
8.701250371645593e-04	-2.257803e+00	-4.763799e-01
8.703615009360019e-04	-2.259104e+00	-4.768006e-01
8.708344284788873e-04	-2.258520e+00	-4.776419e-01
8.746559579513604e-04	-2.258377e+00	-4.844260e-01
8.750313742459543e-04	-2.258369e+00	-4.850848e-01
8.757822068351420e-04	-2.164180e+00	-4.863446e-01
8.766528670117922e-04	-1.873353e+00	-4.876360e-01
8.776528670117923e-04	-1.505237e+00	-4.888225e-01
8.786125303874896e-04	-1.171710e+00	-4.896332e-01
8.796125303874897e-04	-8.108494e-01	-4.901253e-01
8.806125303874897e-04	-4.582405e-01	-4.902650e-01
8.816125303874897e-04	-1.006191e-01	-4.900490e-01
8.826125303874897e-04	2.540028e-01	-4.894779e-01
8.836125303874898e-04	6.098387e-01	-4.885509e-01
8.846125303874898e-04	9.655873e-01	-4.872706e-01
8.856125303874898e-04	1.321249e+00	-4.856367e-01
8.866125303874898e-04	1.676823e+00	-4.836495e-01
8.876125303874899e-04	2.032309e+00	-4.813088e-01
8.886125303874899e-04	2.387709e+00	-4.786146e-01
8.896125303874899e-04	2.743021e+00	-4.755670e-01
8.906125303874899e-04	3.098570e+00	-4.721684e-01
8.916125303874900e-04	3.453757e+00	-4.684180e-01
8.926125303874900e-04	3.809193e+00	-4.643613e-01
8.936125303874900e-04	3.810942e+00	-4.601320e-01
8.947590641483768e-04	3.812071e+00	-4.552360e-01
8.948988115253000e-04	3.811776e+00	-4.546396e-01
8.951783062791464e-04	3.811882e+00	-4.534472e-01
8.957394793396037e-04	3.812094e+00	-4.510538e-01
8.957594477031845e-04	3.812102e+00	-4.509687e-01
8.957794160667654e-04	3.812109e+00	-4.508835e-01
8.957993844303462e-04	3.812116e+00	-4.507984e-01
8.958193527939271e-04	3.812122e+00	-4.507133e-01
8.958393211575079e-04	3.812128e+00	-4.506281e-01
8.958592895210888e-04	3.812133e+00	-4.505430e-01
8.958792578846696e-04	3.812137e+00	-4.504579e-01
8.959547703306249e-04	3.812148e+00	-4.501360e-01
8.960922087240434e-04	3.812156e+00	-4.495502e-01
9.139120819484332e-04	3.812353e+00	-3.743669e-01
9.317319551728231e-04	3.812546e+00	-3.004425e-01
9.495518283972129e-04	3.812736e+00	-2.277770e-01
9.673717016216028e-04	3.812923e+00	-1.563704e-01
9.851915748459927e-04	3.813106e+00	-8.622260e-02
1.003011448070382e-03	3.813285e+00	-1.733372e-02
1.020831321294772e-03	3.813462e+00	5.029627e-02
1.040362571294772e-03	3.813652e+00	1.230981e-01
1.069659446294772e-03	3.813930e+00	2.296766e-01
1.079425071294772e-03	3.814021e+00	2.645166e-01
1.089190696294772e-03	3.814110e+00	2.990189e-01
1.098956321294772e-03	3.814196e+00	3.331862e-01
1.108721946294772e-03	3.813751e+00	3.670914e-01
1.109942649419772e-03	3.813598e+00	3.713043e-01
1.112384055669772e-03	3.813227e+00	3.797002e-01
1.112797490558004e-03	3.813150e+00	3.811134e-01
1.113435796930351e-03	3.705379e+00	3.832504e-01
1.114103694501975e-03	3.510066e+00	3.853718e-01
1.115103694501974e-03	3.156476e+00	3.882895e-01
1.117018072505116e-03	2.473733e+00	3.929174e-01
1.120018072505116e-03	1.404516e+00	3.975421e-01
1.122018072505116e-03	6.923807e-01	3.988393e-01
1.123018072505116e-03	3.363662e-01	3.989533e-01
1.124018072505115e-03	-1.964952e-02	3.987115e-01
1.125018072505115e-03	-3.756435e-01	3.981141e-01
1.128018072505115e-03	-1.443299e+00	3.941934e-01
1.129018072505115e-03	-1.799161e+00	3.922202e-01
1.129618072505115e-03	-1.943110e+00	3.908970e-01
1.130236716182849e-03	-1.964120e+00	3.894599e-01
1.130541105247152e-03	-1.955725e+00	3.887465e-01
1.130815383909280e-03	-1.956821e+00	3.881038e-01
1.134477247509830e-03	-1.956631e+00	3.795420e-01
1.134854435206804e-03	-1.956647e+00	3.786560e-01
1.135608810600751e-03	-2.051253e+00	3.768289e-01
1.136451961407620e-03	-2.332379e+00	3.746274e-01
1.137451961407620e-03	-2.700065e+00	3.717223e-01
1.138451961407620e-03	-3.047911e+00	3.684786e-01
1.139451961407620e-03	-3.408583e+00	3.648827e-01
1.140451961407620e-03	-3.761051e+00	3.609352e-01
1.141451961407619e-03	-4.118496e+00	3.566381e-01
1.142451961407619e-03	-4.458206e+00	3.520408e-01
1.143451961407619e-03	-4.458947e+00	3.472774e-01
1.144688403487960e-03	-4.460719e+00	3.413405e-01
1.144849374985381e-03	-4.460678e+00	3.405679e-01
1.145171317980223e-03	-4.461064e+00	3.390234e-01
1.145251803728934e-03	-4.461144e+00	3.386374e-01
1.145453018100710e-03	-4.461364e+00	3.376723e-01
1.145516721518802e-03	-4.461437e+00	3.373668e-01
1.145580424936895e-03	-4.461506e+00	3.370613e-01
1.145644128354987e-03	-4.461573e+00	3.367558e-01
1.145707831773079e-03	-4.461637e+00	3.364504e-01
1.145771535191171e-03	-4.461697e+00	3.361449e-01
1.145835238609263e-03	-4.461755e+00	3.358395e-01
1.145898942027355e-03	-4.461811e+00	3.355341e-01
1.166424194360508e-03	-4.479500e+00	2.380602e-01
1.186949446693662e-03	-4.496906e+00	1.421362e-01
1.207474699026815e-03	-4.514029e+00	4.776205e-02
1.227999951359968e-03	-4.530870e+00	-4.506224e-02
1.248525203693121e-03	-4.547427e+00	-1.363367e-01
1.269050456026274e-03	-4.563702e+00	-2.260612e-01
1.289575708359427e-03	-4.579693e+00	-3.142359e-01
1.299341333359427e-03	-4.587214e+00	-3.556949e-01
1.309106958359427e-03	-4.594672e+00	-3.968234e-01
1.318872583359427e-03	-4.601648e+00	-4.376932e-01
1.320093286484427e-03	-4.602438e+00	-4.427786e-01
1.320398462265677e-03	-4.602634e+00	-4.440468e-01
1.321008813828177e-03	-4.603023e+00	-4.465825e-01
1.321161401718802e-03	-4.603119e+00	-4.472162e-01
1.321466577500052e-03	-4.603310e+00	-4.484823e-01
1.322076929062553e-03	-4.585950e+00	-4.510017e-01
1.322561251040027e-03	-4.469134e+00	-4.529663e-01
1.323045305862536e-03	-4.320504e+00	-4.548546e-01
1.323843208258740e-03	-4.038086e+00	-4.577923e-01
1.324692931365120e-03	-3.734357e+00	-4.606836e-01
1.325692931365120e-03	-3.378963e+00	-4.637586e-01
1.326692931365120e-03	-3.022430e+00	-4.664883e-01
1.327692931365120e-03	-2.666698e+00	-4.689366e-01
1.328067931365120e-03	-2.533078e+00	-4.697318e-01
1.328567931365120e-03	-2.355094e+00	-4.707116e-01
1.328964794061780e-03	-2.251885e+00	-4.714464e-01
1.329334588716488e-03	-2.227799e+00	-4.721045e-01
1.329536734504075e-03	-2.232678e+00	-4.724602e-01
1.329828521742019e-03	-2.233588e+00	-4.729730e-01
1.330472309310836e-03	-2.233342e+00	-4.741041e-01
1.331116096879653e-03	-2.233131e+00	-4.752345e-01
1.331759884448470e-03	-2.232954e+00	-4.763642e-01
1.332403672017286e-03	-2.232812e+00	-4.774932e-01
1.333047459586103e-03	-2.232704e+00	-4.786215e-01
1.333691247154920e-03	-2.232631e+00	-4.797491e-01
1.334335034723737e-03	-2.232592e+00	-4.808760e-01
1.334538681864619e-03	-2.232667e+00	-4.812309e-01
1.334945976146384e-03	-2.193069e+00	-4.819154e-01
1.335760564709915e-03	-1.932477e+00	-4.831558e-01
1.336647133125513e-03	-1.598996e+00	-4.842867e-01
1.337448199635163e-03	-1.324678e+00	-4.850584e-01
1.338448199635163e-03	-9.625288e-01	-4.856929e-01
1.339448199635163e-03	-6.105445e-01	-4.859890e-01
1.340448199635163e-03	-2.525948e-01	-4.859293e-01
1.341448199635163e-03	1.020004e-01	-4.855141e-01
1.342591056778020e-03	5.086386e-01	-4.846035e-01
1.343733913920877e-03	9.152027e-01	-4.832313e-01
1.344876771063734e-03	1.321693e+00	-4.813975e-01
1.346019628206591e-03	1.728108e+00	-4.791021e-01
1.347162485349448e-03	2.134450e+00	-4.763450e-01
1.348305342492305e-03	2.540717e+00	-4.731262e-01
1.349448199635162e-03	2.946911e+00	-4.694459e-01
1.350448199635162e-03	3.302038e+00	-4.658498e-01
1.351448199635162e-03	3.657592e+00	-4.619279e-01
1.352448199635162e-03	3.811093e+00	-4.577760e-01
1.353448199635162e-03	3.811563e+00	-4.535266e-01
1.354323199635162e-03	3.811848e+00	-4.497956e-01
1.354434208731505e-03	3.811892e+00	-4.493225e-01
1.354545217827847e-03	3.811934e+00	-4.488494e-01
1.354656226924190e-03	3.811976e+00	-4.483764e-01
1.354767236020532e-03	3.812017e+00	-4.479034e-01
1.354878245116875e-03	3.812058e+00	-4.474305e-01
1.354989254213218e-03	3.812098e+00	-4.469576e-01
1.355100263309560e-03	3.812137e+00	-4.464848e-01
1.355204790050186e-03	3.812157e+00	-4.460396e-01
1.355324634401429e-03	3.812166e+00	-4.455293e-01
1.357002455318828e-03	3.812186e+00	-4.383926e-01
1.374265947081569e-03	3.812376e+00	-3.657244e-01
1.391529438844310e-03	3.812563e+00	-2.942363e-01
1.408792930607051e-03	3.812746e+00	-2.239284e-01
1.426056422369793e-03	3.812926e+00	-1.548006e-01
1.443319914132534e-03	3.813104e+00	-8.685300e-02
1.460583405895275e-03	3.813278e+00	-2.008558e-02
1.477846897658017e-03	3.813449e+00	4.550168e-02
1.497378147658017e-03	3.813639e+00	1.183960e-01
1.526675022658017e-03	3.813918e+00	2.251099e-01
1.536440647658017e-03	3.814009e+00	2.599941e-01
1.546206272658017e-03	3.814098e+00	2.945402e-01
1.555971897658017e-03	3.814185e+00	3.287511e-01
1.565737522658017e-03	3.813869e+00	3.626999e-01
1.566958225783017e-03	3.813749e+00	3.669183e-01
1.569399632033017e-03	3.813445e+00	3.753248e-01
1.570009983595517e-03	3.813345e+00	3.774235e-01
1.571230686720517e-03	3.813129e+00	3.816164e-01
1.571281901531539e-03	3.812416e+00	3.817920e-01
1.571384331153585e-03	3.792334e+00	3.821414e-01
1.571589190397676e-03	3.749702e+00	3.828342e-01
1.571782040013282e-03	3.704376e+00	3.834766e-01
1.572125023323383e-03	3.609008e+00	3.845862e-01
1.572739708386316e-03	3.404078e+00	3.864697e-01
1.573672489685847e-03	3.070827e+00	3.890922e-01
1.576672489685847e-03	2.002435e+00	3.955126e-01
1.579672489685847e-03	9.340078e-01	3.987198e-01
1.580672489685847e-03	5.778880e-01	3.990753e-01
1.581672489685847e-03	2.219371e-01	3.990747e-01
1.582672489685847e-03	-1.341168e-01	3.987184e-01
1.583672489685847e-03	-4.899881e-01	3.980068e-01
1.587047489685846e-03	-1.691040e+00	3.930615e-01
1.587547489685846e-03	-1.868936e+00	3.919706e-01
1.587944352382506e-03	-1.972061e+00	3.910626e-01
1.588314147037214e-03	-1.996073e+00	3.901904e-01
1.588516292824801e-03	-1.991154e+00	3.897098e-01
1.588808080062745e-03	-1.990184e+00	3.890160e-01
1.589451867631562e-03	-1.990300e+00	3.874865e-01
1.590095655200379e-03	-1.990381e+00	3.859578e-01
1.590739442769196e-03	-1.990428e+00	3.844301e-01
1.591383230338012e-03	-1.990441e+00	3.829034e-01
1.592027017906829e-03	-1.990419e+00	3.813776e-01
1.592670805475646e-03	-1.990362e+00	3.798527e-01
1.593314593044463e-03	-1.990271e+00	3.783288e-01
1.593518240185345e-03	-1.990154e+00	3.778455e-01
1.593925534467110e-03	-2.029671e+00	3.768549e-01
1.594740123030641e-03	-2.290098e+00	3.747455e-01
1.595645789159430e-03	-2.630267e+00	3.721622e-01
1.596641289340979e-03	-2.972967e+00	3.689968e-01
1.597641289340979e-03	-3.335795e+00	3.654736e-01
1.598641289340979e-03	-3.686979e+00	3.615990e-01
1.599641289340979e-03	-4.045105e+00	3.573729e-01
1.600641289340979e-03	-4.399242e+00	3.528335e-01
1.601641289340979e-03	-4.458797e+00	3.481002e-01
1.602641289340979e-03	-4.460205e+00	3.433048e-01
1.602848013206660e-03	-4.460273e+00	3.423125e-01
1.603261460938022e-03	-4.460748e+00	3.403285e-01
1.603368912807184e-03	-4.460865e+00	3.398129e-01
1.603476364676345e-03	-4.460982e+00	3.392975e-01
1.603583816545507e-03	-4.461100e+00	3.387820e-01
1.603691268414669e-03	-4.461218e+00	3.382666e-01
1.603798720283831e-03	-4.461337e+00	3.377513e-01
1.603906172152993e-03	-4.461456e+00	3.372360e-01
1.604013624022155e-03	-4.461576e+00	3.367207e-01
1.604094563829623e-03	-4.461657e+00	3.363326e-01
1.604177164474633e-03	-4.461735e+00	3.359366e-01
1.604632059656121e-03	-4.462134e+00	3.337562e-01
1.623967100932199e-03	-4.478801e+00	2.419134e-01
1.643302142208276e-03	-4.495217e+00	1.514491e-01
1.662637183484353e-03	-4.511381e+00	6.236336e-02
1.681972224760431e-03	-4.527293e+00	-2.534384e-02
1.701307266036508e-03	-4.542953e+00	-1.116725e-01
1.720642307312586e-03	-4.558362e+00	-1.966226e-01
1.739977348588663e-03	-4.573518e+00	-2.801942e-01
1.749742973588663e-03	-4.581088e+00	-3.219242e-01
1.759508598588663e-03	-4.588597e+00	-3.633220e-01
1.769274223588663e-03	-4.596044e+00	-4.043897e-01
1.779039848588663e-03	-4.602867e+00	-4.451985e-01
1.780260551713663e-03	-4.603619e+00	-4.502763e-01
1.780565727494913e-03	-4.603806e+00	-4.515386e-01
1.781016491752388e-03	-4.519369e+00	-4.533798e-01
1.781484583423533e-03	-4.383994e+00	-4.552351e-01
1.782162982920612e-03	-4.146555e+00	-4.577972e-01
1.782882513719165e-03	-3.887938e+00	-4.603320e-01
1.783882513719165e-03	-3.533174e+00	-4.635496e-01
1.785882513719165e-03	-2.820671e+00	-4.689583e-01
1.786882513719164e-03	-2.464337e+00	-4.711675e-01
1.787482513719164e-03	-2.320355e+00	-4.723516e-01
1.788101157396898e-03	-2.299251e+00	-4.734981e-01
1.788405546461201e-03	-2.307497e+00	-4.740552e-01
1.788679825123329e-03	-2.306440e+00	-4.745569e-01
1.792341688723879e-03	-2.305839e+00	-4.812428e-01
1.792718876420853e-03	-2.305742e+00	-4.819238e-01
1.793473251814801e-03	-2.210984e+00	-4.832278e-01
1.794337583777897e-03	-1.922233e+00	-4.845539e-01
1.795337583777897e-03	-1.554194e+00	-4.857906e-01
1.796310930554760e-03	-1.215691e+00	-4.866610e-01
1.797310930554760e-03	-8.548113e-01	-4.872012e-01
1.798310930554760e-03	-5.021396e-01	-4.873877e-01
1.799310930554760e-03	-1.444884e-01	-4.872184e-01
1.800310930554760e-03	2.101880e-01	-4.866939e-01
1.801453787697617e-03	6.168450e-01	-4.856585e-01
1.802596644840474e-03	1.023422e+00	-4.841615e-01
1.803739501983331e-03	1.429918e+00	-4.822031e-01
1.804882359126188e-03	1.836335e+00	-4.797831e-01
1.806025216269045e-03	2.242671e+00	-4.769017e-01
1.807168073411902e-03	2.648927e+00	-4.735587e-01
1.808310930554759e-03	3.055102e+00	-4.697543e-01
1.809310930554759e-03	3.410331e+00	-4.660498e-01
1.810310930554759e-03	3.765812e+00	-4.620333e-01
1.811310930554759e-03	3.810989e+00	-4.578277e-01
1.812310930554759e-03	3.811891e+00	-4.535648e-01
1.812484452616556e-03	3.811694e+00	-4.528246e-01
1.812831496740151e-03	3.811826e+00	-4.513448e-01
1.813547275245066e-03	3.812097e+00	-4.482937e-01
1.813578963869905e-03	3.812110e+00	-4.481587e-01
1.813610652494744e-03	3.812121e+00	-4.480237e-01
1.813642341119584e-03	3.812130e+00	-4.478886e-01
1.813674029744423e-03	3.812138e+00	-4.477536e-01
1.813705718369262e-03	3.812145e+00	-4.476186e-01
1.813737406994102e-03	3.812151e+00	-4.474836e-01
1.813769095618941e-03	3.812155e+00	-4.473487e-01
1.813902874185043e-03	3.812163e+00	-4.467788e-01
1.817705977660587e-03	3.812206e+00	-4.306312e-01
1.821509081136132e-03	3.812249e+00	-4.145422e-01
1.825312184611676e-03	3.812291e+00	-3.985116e-01
1.829115288087221e-03	3.812333e+00	-3.825395e-01
1.832918391562765e-03	3.812374e+00	-3.666259e-01
1.836721495038310e-03	3.812416e+00	-3.507709e-01
1.840524598513854e-03	3.812457e+00	-3.349743e-01
1.869821473513854e-03	3.812769e+00	-2.152081e-01
1.889352723513854e-03	3.812972e+00	-1.372857e-01
1.908883973513854e-03	3.813172e+00	-6.086615e-02
1.918649598513854e-03	3.813270e+00	-2.321085e-02
1.928415223513855e-03	3.813367e+00	1.407956e-02
1.938180848513855e-03	3.813464e+00	5.100863e-02
1.957712098513855e-03	3.813653e+00	1.237967e-01
1.987008973513854e-03	3.813931e+00	2.303552e-01
1.996774598513854e-03	3.814022e+00	2.651885e-01
2.006540223513853e-03	3.814111e+00	2.996843e-01
2.016305848513853e-03	3.814198e+00	3.338452e-01
2.026071473513853e-03	3.813734e+00	3.677439e-01
2.027292176638853e-03	3.813576e+00	3.719559e-01
2.029733582888853e-03	3.813195e+00	3.803510e-01
2.029828519032108e-03	3.813178e+00	3.806772e-01
2.030018391318618e-03	3.813143e+00	3.813279e-01
2.030310073562277e-03	3.778400e+00	3.823207e-01
2.030619585251881e-03	3.708689e+00	3.833541e-01
2.031122160904063e-03	3.563923e+00	3.849767e-01
2.031648393801923e-03	3.380348e+00	3.865739e-01
2.033648393801924e-03	2.667056e+00	3.917940e-01
2.036648393801924e-03	1.597828e+00	3.970009e-01
2.038648393801924e-03	8.857268e-01	3.986854e-01
2.039648393801924e-03	5.297272e-01	3.989927e-01
2.040648393801925e-03	1.737245e-01	3.989441e-01
2.041648393801925e-03	-1.822491e-01	3.985398e-01
2.046429643801926e-03	-1.883633e+00	3.917863e-01
2.046612588465690e-03	-1.948716e+00	3.913634e-01
2.046789505570043e-03	-2.002062e+00	3.909457e-01
2.046949099251680e-03	-2.027106e+00	3.905630e-01
2.047151138248513e-03	-2.032284e+00	3.900750e-01
2.047555216242179e-03	-2.030735e+00	3.890980e-01
2.051927227543593e-03	-2.030822e+00	3.785515e-01
2.052135673495091e-03	-2.030724e+00	3.780483e-01
2.052552565398089e-03	-2.071661e+00	3.770165e-01
2.053386349204083e-03	-2.339211e+00	3.748193e-01
2.054299529510359e-03	-2.682014e+00	3.721697e-01
2.055299529510359e-03	-3.026253e+00	3.689382e-01
2.056299529510359e-03	-3.389106e+00	3.653622e-01
2.057299529510359e-03	-3.740227e+00	3.614344e-01
2.058299529510359e-03	-4.098364e+00	3.571553e-01
2.059299529510359e-03	-4.452451e+00	3.525697e-01
2.060299529510359e-03	-4.458825e+00	3.478105e-01
2.061667795183103e-03	-4.460766e+00	3.412412e-01
2.061823005424408e-03	-4.460706e+00	3.404963e-01
2.062133425907016e-03	-4.461081e+00	3.390070e-01
2.062211031027668e-03	-4.461158e+00	3.386348e-01
2.062414744469380e-03	-4.461380e+00	3.376577e-01
2.062465674554561e-03	-4.461438e+00	3.374135e-01
2.062516604639742e-03	-4.461493e+00	3.371692e-01
2.062567534724923e-03	-4.461546e+00	3.369250e-01
2.062618464810104e-03	-4.461596e+00	3.366808e-01
2.062669394895285e-03	-4.461645e+00	3.364366e-01
2.062720324980466e-03	-4.461691e+00	3.361924e-01
2.062771255065647e-03	-4.461735e+00	3.359482e-01
2.064968924857594e-03	-4.463645e+00	3.254268e-01
2.067166594649541e-03	-4.465552e+00	3.149258e-01
2.069364264441488e-03	-4.467455e+00	3.044453e-01
2.071561934233435e-03	-4.469355e+00	2.939853e-01
2.073759604025382e-03	-4.471250e+00	2.835457e-01
2.075957273817329e-03	-4.473143e+00	2.731265e-01
2.078154943609276e-03	-4.475031e+00	2.627279e-01
2.107451818609276e-03	-4.499893e+00	1.256877e-01
2.126983068609275e-03	-4.516140e+00	3.612398e-02
2.136748693609275e-03	-4.524166e+00	-8.123919e-03
2.146514318609275e-03	-4.532129e+00	-5.201961e-02
2.166045568609274e-03	-4.547864e+00	-1.387655e-01
2.195342443609274e-03	-4.571000e+00	-2.663122e-01
2.205108068609274e-03	-4.578590e+00	-3.081527e-01
2.214873693609273e-03	-4.586119e+00	-3.496602e-01
2.224639318609273e-03	-4.593586e+00	-3.908369e-01
2.234404943609273e-03	-4.600685e+00	-4.317549e-01
2.235625646734273e-03	-4.601505e+00	-4.368447e-01
2.238067052984273e-03	-4.603093e+00	-4.469946e-01
2.238677404546773e-03	-4.603471e+00	-4.495296e-01
2.238829992437398e-03	-4.603565e+00	-4.501621e-01
2.239135168218648e-03	-4.572503e+00	-4.514183e-01
2.239551084188946e-03	-4.470755e+00	-4.531001e-01
2.240047394686541e-03	-4.317420e+00	-4.550442e-01
2.240602644699197e-03	-4.121306e+00	-4.571036e-01
2.241602644699197e-03	-3.764195e+00	-4.605414e-01
2.242602644699197e-03	-3.408677e+00	-4.636598e-01
2.244727644699197e-03	-2.651806e+00	-4.691800e-01
2.244977644699197e-03	-2.562739e+00	-4.697037e-01
2.245477644699197e-03	-2.384734e+00	-4.706983e-01
2.245874507395857e-03	-2.281511e+00	-4.714449e-01
2.246244302050565e-03	-2.257411e+00	-4.721140e-01
2.246446447838152e-03	-2.262282e+00	-4.724756e-01
2.246738235076096e-03	-2.263183e+00	-4.729970e-01
2.247382022644913e-03	-2.262913e+00	-4.741472e-01
2.248025810213730e-03	-2.262677e+00	-4.752966e-01
2.248669597782547e-03	-2.262477e+00	-4.764452e-01
2.249313385351363e-03	-2.262310e+00	-4.775932e-01
2.249957172920180e-03	-2.262179e+00	-4.787404e-01
2.250600960488997e-03	-2.262081e+00	-4.798869e-01
2.251244748057814e-03	-2.262019e+00	-4.810326e-01
2.251448395198697e-03	-2.262087e+00	-4.813935e-01
2.251855689480462e-03	-2.222473e+00	-4.820899e-01
2.252670278043992e-03	-1.961852e+00	-4.833554e-01
2.253538977454167e-03	-1.634769e+00	-4.844905e-01
2.254353291276791e-03	-1.355630e+00	-4.853006e-01
2.255353291276791e-03	-9.934517e-01	-4.859669e-01
2.256353291276791e-03	-6.414247e-01	-4.862936e-01
2.257353291276791e-03	-2.834416e-01	-4.862644e-01
2.258353291276792e-03	7.119306e-02	-4.858798e-01
2.259353291276792e-03	4.273855e-01	-4.851401e-01
2.260353291276792e-03	7.829985e-01	-4.840447e-01
2.261353291276792e-03	1.138598e+00	-4.825960e-01
2.262353291276792e-03	1.494185e+00	-4.807940e-01
2.263353291276792e-03	1.849758e+00	-4.786386e-01
2.264353291276792e-03	2.205318e+00	-4.761300e-01
2.265353291276793e-03	2.560865e+00	-4.732681e-01
2.266353291276793e-03	2.916399e+00	-4.700529e-01
2.267353291276793e-03	3.271563e+00	-4.664867e-01
2.268353291276793e-03	3.627154e+00	-4.625907e-01
2.269353291276793e-03	3.811120e+00	-4.584532e-01
2.270353291276793e-03	3.811469e+00	-4.542069e-01
2.271228291276793e-03	3.811815e+00	-4.504753e-01
2.272067964085274e-03	3.812131e+00	-4.468973e-01
2.272139917739430e-03	3.812149e+00	-4.465908e-01
2.272227417161038e-03	3.812160e+00	-4.462181e-01
2.272401169117857e-03	3.812168e+00	-4.454782e-01
2.289286097163971e-03	3.812354e+00	-3.742712e-01
2.306171025210085e-03	3.812537e+00	-3.041960e-01
2.323055953256198e-03	3.812717e+00	-2.352527e-01
2.339940881302311e-03	3.812894e+00	-1.674412e-01
2.356825809348425e-03	3.813068e+00	-1.007616e-01
2.373710737394539e-03	3.813239e+00	-3.521387e-02
2.390595665440652e-03	3.813407e+00	2.920203e-02
2.400361290440652e-03	3.813503e+00	6.598456e-02
2.419892540440652e-03	3.813692e+00	1.384838e-01
2.449189415440651e-03	3.813969e+00	2.446194e-01
2.458955040440651e-03	3.814059e+00	2.793145e-01
2.468720665440651e-03	3.814147e+00	3.136735e-01
2.478486290440650e-03	3.814232e+00	3.477120e-01
2.486669209467783e-03	3.813644e+00	3.760265e-01
2.487811846974968e-03	3.813439e+00	3.799598e-01
2.488097506351763e-03	3.813386e+00	3.809405e-01
2.488668825105355e-03	3.813277e+00	3.829014e-01
2.488811654793754e-03	3.813248e+00	3.833914e-01
2.489097314170549e-03	3.813190e+00	3.843701e-01
2.489502472230661e-03	3.786737e+00	3.857454e-01
2.490021106824961e-03	3.651677e+00	3.874623e-01
2.490547457238184e-03	3.480068e+00	3.891245e-01
2.491195406000964e-03	3.248775e+00	3.910215e-01
2.493195406000964e-03	2.536346e+00	3.959837e-01
2.496195406000965e-03	1.467887e+00	4.007884e-01
2.498195406000965e-03	7.557516e-01	4.022056e-01
2.499195406000965e-03	3.997510e-01	4.023796e-01
2.500195406000965e-03	4.377675e-02	4.021977e-01
2.501195406000965e-03	-3.121535e-01	4.016603e-01
2.504195406000966e-03	-1.379706e+00	3.979192e-01
2.505270406000966e-03	-1.762167e+00	3.958896e-01
2.505420406000966e-03	-1.815531e+00	3.955598e-01
2.505621987250094e-03	-1.887244e+00	3.951056e-01
2.505866565803031e-03	-1.956975e+00	3.945399e-01
2.506101921810973e-03	-1.983405e+00	3.939859e-01
2.506276679826562e-03	-1.982818e+00	3.935716e-01
2.506513143598005e-03	-1.981468e+00	3.930106e-01
2.506986071140890e-03	-1.981949e+00	3.918890e-01
2.510756093919833e-03	-1.981282e+00	3.829674e-01
2.511124454835015e-03	-1.981211e+00	3.820920e-01
2.511861176665380e-03	-2.072907e+00	3.802900e-01
2.512664920042204e-03	-2.339758e+00	3.781758e-01
2.513664920042204e-03	-2.707344e+00	3.752564e-01
2.514664920042205e-03	-3.055177e+00	3.720019e-01
2.515664920042205e-03	-3.415768e+00	3.683953e-01
2.516664920042205e-03	-3.768207e+00	3.644370e-01
2.517664920042205e-03	-4.125584e+00	3.601303e-01
2.518664920042205e-03	-4.457571e+00	3.555263e-01
2.519664920042205e-03	-4.458330e+00	3.507592e-01
2.520906684006282e-03	-4.460089e+00	3.447931e-01
2.521069288318843e-03	-4.460060e+00	3.440123e-01
2.521394496943964e-03	-4.460449e+00	3.424512e-01
2.521440229406872e-03	-4.460495e+00	3.422317e-01
2.521485961869780e-03	-4.460542e+00	3.420122e-01
2.521531694332687e-03	-4.460591e+00	3.417927e-01
2.521577426795595e-03	-4.460640e+00	3.415733e-01
2.521623159258503e-03	-4.460690e+00	3.413538e-01
2.521668891721410e-03	-4.460741e+00	3.411343e-01
2.521714624184318e-03	-4.460793e+00	3.409149e-01
2.521751014684443e-03	-4.460834e+00	3.407403e-01
2.521787405184569e-03	-4.460874e+00	3.405657e-01
2.521823795684695e-03	-4.460912e+00	3.403910e-01
2.521860186184820e-03	-4.460949e+00	3.402164e-01
2.521896576684945e-03	-4.460985e+00	3.400419e-01
2.521932967185071e-03	-4.461020e+00	3.398673e-01
2.521969357685197e-03	-4.461053e+00	3.396927e-01
2.522119591692552e-03	-4.461187e+00	3.389720e-01
2.541564875253515e-03	-4.477964e+00	2.465279e-01
2.561010158814478e-03	-4.494486e+00	1.554789e-01
2.580455442375441e-03	-4.510753e+00	6.582517e-02
2.599900725936403e-03	-4.526765e+00	-2.243337e-02
2.619346009497366e-03	-4.542522e+00	-1.092967e-01
2.638791293058329e-03	-4.558025e+00	-1.947648e-01
2.658236576619292e-03	-4.573272e+00	-2.788377e-01
2.668002201619292e-03	-4.580844e+00	-3.205785e-01
2.677767826619292e-03	-4.588355e+00	-3.619871e-01
2.687533451619292e-03	-4.595804e+00	-4.030654e-01
2.697299076619291e-03	-4.602654e+00	-4.438849e-01
2.698519779744292e-03	-4.603413e+00	-4.489639e-01
2.698824955525542e-03	-4.603601e+00	-4.502270e-01
2.699435307088042e-03	-4.535299e+00	-4.527239e-01
2.700009281793241e-03	-4.371382e+00	-4.550004e-01
2.700728566791433e-03	-4.119793e+00	-4.577047e-01
2.701510757970124e-03	-3.838486e+00	-4.604333e-01
2.702510757970125e-03	-3.483968e+00	-4.636071e-01
2.704510757970125e-03	-2.771361e+00	-4.689172e-01
2.705510757970125e-03	-2.414909e+00	-4.710771e-01
2.706110757970125e-03	-2.270980e+00	-4.722316e-01
2.706729401647859e-03	-2.249813e+00	-4.733476e-01
2.707033790712162e-03	-2.258091e+00	-4.738898e-01
2.707308069374290e-03	-2.256991e+00	-4.743780e-01
2.710969932974839e-03	-2.256320e+00	-4.808837e-01
2.711347120671813e-03	-2.256216e+00	-4.815462e-01
2.712101496065761e-03	-2.161438e+00	-4.828146e-01
2.712939283142431e-03	-1.882005e+00	-4.840626e-01
2.713939283142431e-03	-1.514129e+00	-4.852592e-01
2.714890315261932e-03	-1.183382e+00	-4.860758e-01
2.715890315261932e-03	-8.226185e-01	-4.865824e-01
2.716890315261932e-03	-4.698265e-01	-4.867373e-01
2.717890315261932e-03	-1.122120e-01	-4.865364e-01
2.718890315261932e-03	2.425302e-01	-4.859803e-01
2.719890315261932e-03	5.984264e-01	-4.850683e-01
2.720890315261933e-03	9.542373e-01	-4.838028e-01
2.721890315261933e-03	1.309963e+00	-4.821837e-01
2.722890315261933e-03	1.665604e+00	-4.802112e-01
2.723890315261933e-03	2.021159e+00	-4.778851e-01
2.724890315261933e-03	2.376629e+00	-4.752055e-01
2.725890315261933e-03	2.732014e+00	-4.721723e-01
2.726890315261933e-03	3.087633e+00	-4.687880e-01
2.727890315261933e-03	3.442889e+00	-4.650519e-01
2.728890315261934e-03	3.798394e+00	-4.610080e-01
2.729890315261934e-03	3.810961e+00	-4.567873e-01
2.731104648703909e-03	3.812073e+00	-4.516075e-01
2.731252081673769e-03	3.811802e+00	-4.509788e-01
2.731546947613489e-03	3.811914e+00	-4.497218e-01
2.731620664098418e-03	3.811942e+00	-4.494076e-01
2.731804955310743e-03	3.812012e+00	-4.486223e-01
2.731855751690357e-03	3.812032e+00	-4.484058e-01
2.731906548069971e-03	3.812052e+00	-4.481894e-01
2.731957344449585e-03	3.812072e+00	-4.479730e-01
2.732008140829200e-03	3.812090e+00	-4.477565e-01
2.732058937208813e-03	3.812108e+00	-4.475401e-01
2.732109733588428e-03	3.812124e+00	-4.473237e-01
2.732160529968042e-03	3.812140e+00	-4.471073e-01
2.732301542991861e-03	3.812160e+00	-4.465067e-01
2.732479454631784e-03	3.812167e+00	-4.457491e-01
2.749401225585394e-03	3.812353e+00	-3.743835e-01
2.766322996539005e-03	3.812537e+00	-3.041548e-01
2.783244767492615e-03	3.812717e+00	-2.350628e-01
2.800166538446225e-03	3.812894e+00	-1.671076e-01
2.817088309399835e-03	3.813069e+00	-1.002891e-01
2.834010080353446e-03	3.813240e+00	-3.460749e-02
2.850931851307056e-03	3.813409e+00	2.993737e-02
2.860697476307056e-03	3.813504e+00	6.671278e-02
2.880228726307055e-03	3.813694e+00	1.391980e-01
2.909525601307055e-03	3.813971e+00	2.453130e-01
2.919291226307054e-03	3.814061e+00	2.800014e-01
2.929056851307054e-03	3.814148e+00	3.143537e-01
2.938822476307054e-03	3.814234e+00	3.483859e-01
2.946968172013123e-03	3.813635e+00	3.765667e-01
2.948106585234402e-03	3.813428e+00	3.804848e-01
2.948391188539722e-03	3.813374e+00	3.814617e-01
2.948960395150362e-03	3.813263e+00	3.834151e-01
2.949102696803021e-03	3.813234e+00	3.839032e-01
2.949387300108341e-03	3.813175e+00	3.848778e-01
2.949752496542726e-03	3.778307e+00	3.861171e-01
2.950187314494195e-03	3.665269e+00	3.875560e-01
2.950746183125538e-03	3.485026e+00	3.893259e-01
2.951331240911081e-03	3.276553e+00	3.910497e-01
2.953331240911081e-03	2.564061e+00	3.960614e-01
2.956331240911082e-03	1.495556e+00	4.009488e-01
2.958331240911082e-03	7.834475e-01	4.024209e-01
2.959331240911082e-03	4.274691e-01	4.026224e-01
2.960331240911082e-03	7.149412e-02	4.024680e-01
2.961331240911083e-03	-2.844172e-01	4.019580e-01
2.961972312339654e-03	-5.125694e-01	4.014389e-01
2.962613383768226e-03	-7.407053e-01	4.007800e-01
2.963254455196797e-03	-9.688248e-01	3.999812e-01
2.963895526625369e-03	-1.196928e+00	3.990425e-01
2.964536598053940e-03	-1.425015e+00	3.979640e-01
2.965177669482512e-03	-1.653085e+00	3.967456e-01
2.965818740911083e-03	-1.881140e+00	3.953874e-01
2.966020322160211e-03	-1.952847e+00	3.949206e-01
2.966214002560196e-03	-2.010379e+00	3.944618e-01
2.966378805517583e-03	-2.034889e+00	3.940648e-01
2.966591640822822e-03	-2.039420e+00	3.935484e-01
2.967017311433299e-03	-2.037759e+00	3.925146e-01
2.971485855038275e-03	-2.037785e+00	3.816893e-01
2.971697033470119e-03	-2.037665e+00	3.811774e-01
2.972119390333808e-03	-2.079399e+00	3.801273e-01
2.972964104061185e-03	-2.350997e+00	3.778915e-01
2.973867076370942e-03	-2.690070e+00	3.752607e-01
2.974867076370942e-03	-3.034363e+00	3.720171e-01
2.975867076370942e-03	-3.397137e+00	3.684300e-01
2.976867076370942e-03	-3.748259e+00	3.644911e-01
2.977867076370942e-03	-4.106353e+00	3.602014e-01
2.978867076370942e-03	-4.457564e+00	3.556069e-01
2.979867076370942e-03	-4.458278e+00	3.508420e-01
2.981095165220675e-03	-4.460071e+00	3.449416e-01
2.981253800081241e-03	-4.460011e+00	3.441798e-01
2.981571069802372e-03	-4.460393e+00	3.426568e-01
2.981650387232655e-03	-4.460473e+00	3.422761e-01
2.981848680808362e-03	-4.460689e+00	3.413244e-01
2.981892578715767e-03	-4.460739e+00	3.411138e-01
2.981936476623173e-03	-4.460788e+00	3.409031e-01
2.981980374530578e-03	-4.460836e+00	3.406925e-01
2.982024272437984e-03	-4.460884e+00	3.404819e-01
2.982068170345389e-03	-4.460930e+00	3.402712e-01
2.982112068252795e-03	-4.460976e+00	3.400606e-01
2.982155966160200e-03	-4.461020e+00	3.398500e-01
2.982265372746957e-03	-4.461122e+00	3.393252e-01
2.982921812267499e-03	-4.461695e+00	3.361773e-01
3.002933514469048e-03	-4.478947e+00	2.411097e-01
3.022945216670596e-03	-4.495930e+00	1.475173e-01
3.042956918872145e-03	-4.512643e+00	5.540000e-02
3.062968621073694e-03	-4.529088e+00	-3.524211e-02
3.082980323275242e-03	-4.545263e+00	-1.244091e-01
3.102992025476791e-03	-4.561169e+00	-2.121008e-01
3.123003727678340e-03	-4.576806e+00	-2.983175e-01
3.132769352678339e-03	-4.584349e+00	-3.399032e-01
3.142534977678339e-03	-4.591831e+00	-3.811578e-01
3.152300602678339e-03	-4.599126e+00	-4.221537e-01
3.153521305803339e-03	-4.599995e+00	-4.272533e-01
3.155962712053339e-03	-4.601680e+00	-4.374231e-01
3.156573063615839e-03	-4.602083e+00	-4.399627e-01
3.157793766740839e-03	-4.602874e+00	-4.450371e-01
3.158098942522089e-03	-4.603067e+00	-4.463050e-01
3.158709294084589e-03	-4.603450e+00	-4.488392e-01
3.159619581473176e-03	-4.604009e+00	-4.526173e-01
3.159715232552218e-03	-4.604066e+00	-4.530135e-01
3.159906534710301e-03	-4.570908e+00	-4.538009e-01
3.160205393209825e-03	-4.496403e+00	-4.550150e-01
3.160525088662267e-03	-4.400094e+00	-4.562841e-01
3.160982812860302e-03	-4.240823e+00	-4.580243e-01
3.161898261256373e-03	-3.912927e+00	-4.612948e-01
3.162781046387271e-03	-3.599614e+00	-4.641904e-01
3.163781046387271e-03	-3.242767e+00	-4.671294e-01
3.165856046387272e-03	-2.504084e+00	-4.721934e-01
3.166006046387271e-03	-2.450721e+00	-4.724899e-01
3.166306046387271e-03	-2.343939e+00	-4.730626e-01
3.166600902284279e-03	-2.262672e+00	-4.736040e-01
3.166879195121365e-03	-2.236849e+00	-4.741004e-01
3.167062655345084e-03	-2.239275e+00	-4.744243e-01
3.167839836666556e-03	-2.239794e+00	-4.757939e-01
3.171696309565345e-03	-2.239400e+00	-4.825746e-01
3.172080745105872e-03	-2.239370e+00	-4.832424e-01
3.172849616186928e-03	-2.142122e+00	-4.845204e-01
3.173684912665727e-03	-1.863318e+00	-4.857480e-01
3.174684912665727e-03	-1.495594e+00	-4.869240e-01
3.175637371875107e-03	-1.164234e+00	-4.877223e-01
3.176637371875107e-03	-8.035132e-01	-4.882083e-01
3.177637371875108e-03	-4.506832e-01	-4.883424e-01
3.178637371875108e-03	-9.307183e-02	-4.881209e-01
3.179637371875108e-03	2.616833e-01	-4.875440e-01
3.182637371875108e-03	1.329070e+00	-4.836857e-01
3.186637371875109e-03	2.751237e+00	-4.735913e-01
3.187637371875109e-03	3.106861e+00	-4.701864e-01
3.188637371875109e-03	3.462131e+00	-4.664305e-01
3.189637371875109e-03	3.811263e+00	-4.623708e-01
3.190637371875109e-03	3.810964e+00	-4.581418e-01
3.191859497507050e-03	3.812105e+00	-4.529253e-01
3.192003571694007e-03	3.811820e+00	-4.523107e-01
3.192291720067921e-03	3.811930e+00	-4.510820e-01
3.192363757161399e-03	3.811957e+00	-4.507748e-01
3.192543849895096e-03	3.812025e+00	-4.500071e-01
3.192590847529653e-03	3.812044e+00	-4.498068e-01
3.192637845164210e-03	3.812063e+00	-4.496065e-01
3.192684842798767e-03	3.812080e+00	-4.494062e-01
3.192731840433324e-03	3.812097e+00	-4.492059e-01
3.192778838067881e-03	3.812112e+00	-4.490056e-01
3.192825835702439e-03	3.812127e+00	-4.488053e-01
3.192872833336996e-03	3.812140e+00	-4.486050e-01
3.193032207583194e-03	3.812159e+00	-4.479260e-01
3.193669704567987e-03	3.812168e+00	-4.452111e-01
3.209442017381681e-03	3.812342e+00	-3.786604e-01
3.225214330195374e-03	3.812513e+00	-3.130999e-01
3.240986643009068e-03	3.812682e+00	-2.485297e-01
3.256758955822762e-03	3.812848e+00	-1.849497e-01
3.272531268636455e-03	3.813011e+00	-1.223599e-01
3.288303581450149e-03	3.813172e+00	-6.076039e-02
3.304075894263843e-03	3.813330e+00	-1.510714e-04
3.313841519263843e-03	3.813427e+00	3.691589e-02
3.333372769263842e-03	3.813617e+00	1.099758e-01
3.362669644263841e-03	3.813896e+00	2.169321e-01
3.372435269263841e-03	3.813988e+00	2.518955e-01
3.382200894263841e-03	3.814078e+00	2.865201e-01
3.391966519263841e-03	3.814165e+00	3.208090e-01
3.401732144263841e-03	3.814081e+00	3.548359e-01
3.402952847388841e-03	3.814020e+00	3.590641e-01
3.405394253638841e-03	3.813835e+00	3.674906e-01
3.406004605201341e-03	3.813765e+00	3.695944e-01
3.407225308326341e-03	3.813608e+00	3.737947e-01
3.409666714576341e-03	3.813200e+00	3.821863e-01
3.409754128466213e-03	3.813183e+00	3.824865e-01
3.409928956245957e-03	3.813148e+00	3.830853e-01
3.410214484503698e-03	3.777914e+00	3.840564e-01
3.410514613536998e-03	3.707236e+00	3.850580e-01
3.410994584932676e-03	3.565757e+00	3.866075e-01
3.411498625360619e-03	3.389522e+00	3.881386e-01
3.413498625360620e-03	2.676425e+00	3.933724e-01
3.416498625360620e-03	1.607413e+00	3.986030e-01
3.418498625360620e-03	8.953710e-01	4.003035e-01
3.419498625360620e-03	5.394056e-01	4.006189e-01
3.420498625360621e-03	1.834373e-01	4.005783e-01
3.421498625360621e-03	-1.724944e-01	4.001821e-01
3.426061125360621e-03	-1.795891e+00	3.939548e-01
3.426311125360621e-03	-1.884822e+00	3.933937e-01
3.426577348950860e-03	-1.959537e+00	3.927793e-01
3.426829646383176e-03	-1.985625e+00	3.921855e-01
3.427008523646798e-03	-1.984204e+00	3.917615e-01
3.427658041559941e-03	-1.983626e+00	3.902212e-01
3.428307559473085e-03	-1.983163e+00	3.886819e-01
3.428957077386228e-03	-1.982816e+00	3.871437e-01
3.429606595299372e-03	-1.982584e+00	3.856064e-01
3.430256113212516e-03	-1.982466e+00	3.840701e-01
3.430905631125659e-03	-1.982464e+00	3.825349e-01
3.431555149038803e-03	-1.982578e+00	3.810006e-01
3.431930471873331e-03	-1.982493e+00	3.801087e-01
3.432681117542388e-03	-2.076475e+00	3.782730e-01
3.433477291164111e-03	-2.340927e+00	3.761789e-01
3.434477291164112e-03	-2.708259e+00	3.732598e-01
3.435477291164112e-03	-3.056220e+00	3.700063e-01
3.436477291164112e-03	-3.416690e+00	3.664007e-01
3.437477291164112e-03	-3.769167e+00	3.624435e-01
3.438477291164112e-03	-4.126483e+00	3.581379e-01
3.439477291164112e-03	-4.457932e+00	3.535353e-01
3.440477291164112e-03	-4.458692e+00	3.487697e-01
3.441719499088467e-03	-4.460450e+00	3.428036e-01
3.441882223959645e-03	-4.460422e+00	3.420224e-01
3.442207673702001e-03	-4.460810e+00	3.404607e-01
3.442253440072020e-03	-4.460857e+00	3.402411e-01
3.442299206442039e-03	-4.460904e+00	3.400215e-01
3.442344972812058e-03	-4.460953e+00	3.398020e-01
3.442390739182077e-03	-4.461002e+00	3.395824e-01
3.442436505552096e-03	-4.461052e+00	3.393628e-01
3.442482271922114e-03	-4.461103e+00	3.391433e-01
3.442528038292133e-03	-4.461155e+00	3.389238e-01
3.442563161976266e-03	-4.461194e+00	3.387553e-01
3.442598285660400e-03	-4.461233e+00	3.385868e-01
3.442633409344533e-03	-4.461270e+00	3.384183e-01
3.442668533028666e-03	-4.461306e+00	3.382499e-01
3.442703656712799e-03	-4.461340e+00	3.380814e-01
3.442738780396933e-03	-4.461374e+00	3.379130e-01
3.442773904081066e-03	-4.461406e+00	3.377445e-01
3.442921608981898e-03	-4.461538e+00	3.370362e-01
3.462321368625444e-03	-4.478270e+00	2.448370e-01
3.481721128268991e-03	-4.494749e+00	1.540262e-01
3.501120887912537e-03	-4.510974e+00	6.460375e-02
3.520520647556084e-03	-4.526946e+00	-2.343032e-02
3.539920407199631e-03	-4.542663e+00	-1.100760e-01
3.559320166843177e-03	-4.558128e+00	-1.953333e-01
3.578719926486723e-03	-4.573339e+00	-2.792023e-01
3.588485551486723e-03	-4.580910e+00	-3.209402e-01
3.598251176486723e-03	-4.588420e+00	-3.623459e-01
3.608016801486723e-03	-4.595869e+00	-4.034213e-01
3.617782426486723e-03	-4.602711e+00	-4.442379e-01
3.619003129611723e-03	-4.603468e+00	-4.493166e-01
3.619308305392973e-03	-4.603655e+00	-4.505800e-01
3.619834889106085e-03	-4.541102e+00	-4.527355e-01
3.620395011587429e-03	-4.382653e+00	-4.549621e-01
3.621073457615002e-03	-4.145847e+00	-4.575270e-01
3.621818536238013e-03	-3.877693e+00	-4.601478e-01
3.622818536238013e-03	-3.523141e+00	-4.633577e-01
3.624818536238013e-03	-2.810480e+00	-4.687465e-01
3.625818536238013e-03	-2.454015e+00	-4.709457e-01
3.626418536238013e-03	-2.310057e+00	-4.721237e-01
3.627037179915747e-03	-2.288886e+00	-4.732639e-01
3.627341568980051e-03	-2.297146e+00	-4.738180e-01
3.627615847642179e-03	-2.296047e+00	-4.743169e-01
3.631277711242728e-03	-2.295277e+00	-4.809654e-01
3.631654898939702e-03	-2.295162e+00	-4.816425e-01
3.632409274333649e-03	-2.200366e+00	-4.829407e-01
3.633238980193556e-03	-1.923751e+00	-4.842098e-01
3.634238980193556e-03	-1.555909e+00	-4.854465e-01
3.635198843865171e-03	-1.221967e+00	-4.863091e-01
3.636198843865171e-03	-8.611818e-01	-4.868548e-01
3.637198843865171e-03	-5.083604e-01	-4.870479e-01
3.638198843865171e-03	-1.507220e-01	-4.868852e-01
3.639198843865171e-03	2.040477e-01	-4.863672e-01
3.640341701008029e-03	6.107565e-01	-4.853391e-01
3.641484558150886e-03	1.017387e+00	-4.838495e-01
3.642627415293743e-03	1.423938e+00	-4.818983e-01
3.643770272436601e-03	1.830411e+00	-4.794854e-01
3.644913129579458e-03	2.236805e+00	-4.766111e-01
3.646055986722315e-03	2.643121e+00	-4.732751e-01
3.647198843865173e-03	3.049357e+00	-4.694776e-01
3.648198843865173e-03	3.404640e+00	-4.657790e-01
3.649198843865173e-03	3.760170e+00	-4.617678e-01
3.650198843865173e-03	3.810995e+00	-4.575652e-01
3.651198843865173e-03	3.811874e+00	-4.533033e-01
3.651381697930682e-03	3.811693e+00	-4.525233e-01
3.651747406061698e-03	3.811832e+00	-4.509639e-01
3.652021687159961e-03	3.811935e+00	-4.497947e-01
3.652098176760057e-03	3.811966e+00	-4.494687e-01
3.652174666360153e-03	3.811996e+00	-4.491427e-01
3.652251155960248e-03	3.812025e+00	-4.488167e-01
3.652327645560343e-03	3.812054e+00	-4.484908e-01
3.652404135160439e-03	3.812081e+00	-4.481649e-01
3.652480624760535e-03	3.812108e+00	-4.478390e-01
3.652557114360630e-03	3.812135e+00	-4.475131e-01
3.652660779134898e-03	3.812154e+00	-4.470715e-01
3.652781973667325e-03	3.812163e+00	-4.465553e-01
3.653509140861889e-03	3.812173e+00	-4.434597e-01
3.670932743560642e-03	3.812365e+00	-3.700371e-01
3.688356346259394e-03	3.812553e+00	-2.978175e-01
3.705779948958147e-03	3.812739e+00	-2.268010e-01
3.723203551656899e-03	3.812921e+00	-1.569874e-01
3.740627154355652e-03	3.813100e+00	-8.837697e-02
3.758050757054405e-03	3.813276e+00	-2.096954e-02
3.775474359753157e-03	3.813448e+00	4.523485e-02
3.795005609753157e-03	3.813639e+00	1.181343e-01
3.824302484753156e-03	3.813917e+00	2.248558e-01
3.834068109753156e-03	3.814008e+00	2.597424e-01
3.843833734753156e-03	3.814098e+00	2.942910e-01
3.853599359753156e-03	3.814184e+00	3.285043e-01
3.863364984753156e-03	3.813876e+00	3.624555e-01
3.864585687878156e-03	3.813758e+00	3.666742e-01
3.867027094128156e-03	3.813457e+00	3.750813e-01
3.867637445690656e-03	3.813358e+00	3.771802e-01
3.868858148815656e-03	3.813144e+00	3.813734e-01
3.868929531889434e-03	3.813131e+00	3.816183e-01
3.869072298036989e-03	3.796398e+00	3.821052e-01
3.869357830332101e-03	3.735722e+00	3.830656e-01
3.869773587961122e-03	3.626562e+00	3.844317e-01
3.870149259585419e-03	3.505746e+00	3.856130e-01
3.870900602834014e-03	3.239757e+00	3.878119e-01
3.872900602834014e-03	2.526950e+00	3.927702e-01
3.875900602834015e-03	1.458205e+00	3.975556e-01
3.877900602834015e-03	7.461882e-01	3.989601e-01
3.878900602834015e-03	3.902451e-01	3.991278e-01
3.879900602834015e-03	3.429786e-02	3.989397e-01
3.880900602834015e-03	-3.216003e-01	3.983961e-01
3.885125602834016e-03	-1.824833e+00	3.922699e-01
3.885327184083144e-03	-1.896539e+00	3.918151e-01
3.885520864483129e-03	-1.954068e+00	3.913677e-01
3.885685667440516e-03	-1.978575e+00	3.909805e-01
3.885898502745754e-03	-1.983104e+00	3.904768e-01
3.886324173356232e-03	-1.981437e+00	3.894683e-01
3.890776812263045e-03	-1.981402e+00	3.789452e-01
3.890988095617155e-03	-1.981280e+00	3.784455e-01
3.891410662325375e-03	-2.023039e+00	3.774199e-01
3.892255795741814e-03	-2.294782e+00	3.752345e-01
3.893135788891317e-03	-2.625581e+00	3.727261e-01
3.894135788891317e-03	-2.970009e+00	3.695473e-01
3.895135788891317e-03	-3.332671e+00	3.660270e-01
3.896135788891317e-03	-3.683846e+00	3.621550e-01
3.897135788891317e-03	-4.041883e+00	3.579315e-01
3.898135788891317e-03	-4.395964e+00	3.533944e-01
3.899135788891317e-03	-4.458696e+00	3.486622e-01
3.900135788891318e-03	-4.460096e+00	3.438667e-01
3.900345384028743e-03	-4.460172e+00	3.428605e-01
3.900764574303593e-03	-4.460653e+00	3.408488e-01
3.900872603545446e-03	-4.460771e+00	3.403304e-01
3.900980632787300e-03	-4.460889e+00	3.398122e-01
3.901088662029153e-03	-4.461007e+00	3.392939e-01
3.901196691271007e-03	-4.461126e+00	3.387757e-01
3.901304720512860e-03	-4.461245e+00	3.382575e-01
3.901412749754713e-03	-4.461365e+00	3.377394e-01
3.901520778996566e-03	-4.461484e+00	3.372213e-01
3.901597509543166e-03	-4.461562e+00	3.368534e-01
3.901680197028462e-03	-4.461640e+00	3.364569e-01
3.901845571999052e-03	-4.461788e+00	3.356641e-01
3.921446482452851e-03	-4.478688e+00	2.425391e-01
3.941047392906649e-03	-4.495329e+00	1.508305e-01
3.960648303360448e-03	-4.511712e+00	6.053822e-02
3.980249213814247e-03	-4.527836e+00	-2.833768e-02
3.999850124268046e-03	-4.543701e+00	-1.157972e-01
4.019451034721844e-03	-4.559308e+00	-2.018404e-01
4.039051945175643e-03	-4.574656e+00	-2.864673e-01
4.048817570175643e-03	-4.582217e+00	-3.281474e-01
4.058583195175642e-03	-4.589716e+00	-3.694957e-01
4.068348820175642e-03	-4.597155e+00	-4.105140e-01
4.078114445175642e-03	-4.603854e+00	-4.512839e-01
4.078254477018439e-03	-4.603939e+00	-4.518661e-01
4.078534540704035e-03	-4.604109e+00	-4.530270e-01
4.078932231115230e-03	-4.583151e+00	-4.546652e-01
4.079385742873113e-03	-4.463576e+00	-4.565002e-01
4.079833374738883e-03	-4.318866e+00	-4.582504e-01
4.080432157203522e-03	-4.105716e+00	-4.604714e-01
4.081280156673866e-03	-3.803496e+00	-4.633975e-01
4.082280156673866e-03	-3.447417e+00	-4.665383e-01
4.084280156673867e-03	-2.735129e+00	-4.717706e-01
4.085280156673867e-03	-2.379008e+00	-4.738917e-01
4.085880156673867e-03	-2.234890e+00	-4.750230e-01
4.086498800351600e-03	-2.213754e+00	-4.761149e-01
4.086803189415904e-03	-2.222026e+00	-4.766453e-01
4.087077468078032e-03	-2.220914e+00	-4.771228e-01
4.090739331678582e-03	-2.220141e+00	-4.834865e-01
4.091116519375555e-03	-2.220028e+00	-4.841343e-01
4.091870894769502e-03	-2.125230e+00	-4.853750e-01
4.092682576412222e-03	-1.854951e+00	-4.865561e-01
4.093682576412222e-03	-1.487245e+00	-4.877226e-01
4.094615002869157e-03	-1.162932e+00	-4.884989e-01
4.095615002869157e-03	-8.022766e-01	-4.889810e-01
4.096615002869157e-03	-4.493644e-01	-4.891131e-01
4.097615002869157e-03	-9.178248e-02	-4.888895e-01
4.098615002869157e-03	2.630278e-01	-4.883106e-01
4.099615002869157e-03	6.189450e-01	-4.873758e-01
4.100615002869157e-03	9.747786e-01	-4.860874e-01
4.101615002869157e-03	1.330529e+00	-4.844456e-01
4.102615002869158e-03	1.686195e+00	-4.824502e-01
4.103615002869158e-03	2.041778e+00	-4.801013e-01
4.104615002869158e-03	2.397278e+00	-4.773988e-01
4.105615002869158e-03	2.752693e+00	-4.743428e-01
4.106615002869158e-03	3.108340e+00	-4.709357e-01
4.107615002869158e-03	3.463625e+00	-4.671777e-01
4.108615002869158e-03	3.811260e+00	-4.631166e-01
4.109615002869159e-03	3.810966e+00	-4.588867e-01
4.110855942860922e-03	3.812109e+00	-4.535890e-01
4.111001173081913e-03	3.811827e+00	-4.529693e-01
4.111291633523895e-03	3.811938e+00	-4.517306e-01
4.111364248634391e-03	3.811965e+00	-4.514209e-01
4.111545786410630e-03	3.812034e+00	-4.506469e-01
4.111584969634114e-03	3.812050e+00	-4.504799e-01
4.111624152857598e-03	3.812065e+00	-4.503129e-01
4.111663336081082e-03	3.812079e+00	-4.501458e-01
4.111702519304566e-03	3.812094e+00	-4.499788e-01
4.111741702528050e-03	3.812107e+00	-4.498118e-01
4.111780885751534e-03	3.812120e+00	-4.496448e-01
4.111820068975018e-03	3.812133e+00	-4.494778e-01
4.111962585900188e-03	3.812154e+00	-4.488704e-01
4.112131053381547e-03	3.812161e+00	-4.481526e-01
4.128969176073583e-03	3.812346e+00	-3.770967e-01
4.145807298765620e-03	3.812529e+00	-3.071672e-01
4.162645421457656e-03	3.812708e+00	-2.383641e-01
4.179483544149693e-03	3.812885e+00	-1.706875e-01
4.196321666841729e-03	3.813059e+00	-1.041373e-01
4.213159789533765e-03	3.813229e+00	-3.871347e-02
4.229997912225801e-03	3.813397e+00	2.558391e-02
4.239763537225801e-03	3.813493e+00	6.240150e-02
4.259294787225800e-03	3.813683e+00	1.349698e-01
4.288591662225800e-03	3.813960e+00	2.412066e-01
4.298357287225800e-03	3.814050e+00	2.759348e-01
4.308122912225799e-03	3.814138e+00	3.103265e-01
4.317888537225799e-03	3.814224e+00	3.443838e-01
4.327654162225799e-03	3.813455e+00	3.781803e-01
4.328752855736264e-03	3.813244e+00	3.819614e-01
4.329027529113880e-03	3.813190e+00	3.829014e-01
4.329576875869112e-03	3.759710e+00	3.847567e-01
4.330181790336667e-03	3.591716e+00	3.867268e-01
4.330914018953160e-03	3.336480e+00	3.889628e-01
4.333682821857613e-03	2.347735e+00	3.956978e-01
4.336682821857613e-03	1.279996e+00	3.999402e-01
4.338682821857613e-03	5.679060e-01	4.009837e-01
4.339682821857613e-03	2.119469e-01	4.009712e-01
4.340682821857613e-03	-1.439759e-01	4.006031e-01
4.341682821857614e-03	-4.998180e-01	3.998798e-01
4.345057821857614e-03	-1.700603e+00	3.948956e-01
4.345557821857614e-03	-1.878463e+00	3.937989e-01
4.345954684554273e-03	-1.981560e+00	3.928864e-01
4.346324479208982e-03	-2.005543e+00	3.920101e-01
4.346526624996569e-03	-2.000611e+00	3.915272e-01
4.346818412234514e-03	-1.999618e+00	3.908301e-01
4.351324925216230e-03	-1.999378e+00	3.800931e-01
4.351528572357113e-03	-1.999246e+00	3.796076e-01
4.351935866638878e-03	-2.038733e+00	3.786125e-01
4.352750455202409e-03	-2.299101e+00	3.764977e-01
4.353609612243280e-03	-2.622480e+00	3.740446e-01
4.354609612243280e-03	-2.967009e+00	3.708658e-01
4.355609612243280e-03	-3.329574e+00	3.673472e-01
4.356609612243280e-03	-3.680814e+00	3.634769e-01
4.357609612243281e-03	-4.038785e+00	3.592552e-01
4.358609612243281e-03	-4.392905e+00	3.547195e-01
4.359609612243281e-03	-4.458457e+00	3.499876e-01
4.360609612243281e-03	-4.459850e+00	3.451913e-01
4.360821810027502e-03	-4.459933e+00	3.441724e-01
4.361246205595943e-03	-4.460420e+00	3.421353e-01
4.361353786534317e-03	-4.460537e+00	3.416190e-01
4.361461367472692e-03	-4.460655e+00	3.411027e-01
4.361568948411066e-03	-4.460773e+00	3.405865e-01
4.361676529349440e-03	-4.460892e+00	3.400703e-01
4.361784110287814e-03	-4.461011e+00	3.395542e-01
4.361891691226189e-03	-4.461130e+00	3.390381e-01
4.361999272164563e-03	-4.461249e+00	3.385220e-01
4.362080803856586e-03	-4.461331e+00	3.381310e-01
4.362183855726265e-03	-4.461427e+00	3.376368e-01
4.362389959465622e-03	-4.461609e+00	3.366485e-01
4.382351610442783e-03	-4.478820e+00	2.418089e-01
4.402313261419944e-03	-4.495763e+00	1.484375e-01
4.422274912397105e-03	-4.512438e+00	5.653407e-02
4.442236563374266e-03	-4.528845e+00	-3.390125e-02
4.462198214351427e-03	-4.544984e+00	-1.228685e-01
4.482159865328589e-03	-4.560855e+00	-2.103677e-01
4.502121516305749e-03	-4.576458e+00	-2.963988e-01
4.511887141305749e-03	-4.584004e+00	-3.379998e-01
4.521652766305749e-03	-4.591489e+00	-3.792695e-01
4.531418391305749e-03	-4.598822e+00	-4.202806e-01
4.532639094430749e-03	-4.599700e+00	-4.253822e-01
4.535080500680749e-03	-4.601405e+00	-4.355558e-01
4.535690852243249e-03	-4.601811e+00	-4.380964e-01
4.536911555368249e-03	-4.602612e+00	-4.431705e-01
4.539352961618249e-03	-4.604136e+00	-4.533100e-01
4.539399955608690e-03	-4.604165e+00	-4.535050e-01
4.539493943589571e-03	-4.604221e+00	-4.538941e-01
4.539681919551332e-03	-4.563864e+00	-4.546683e-01
4.539856726945598e-03	-4.520730e+00	-4.553800e-01
4.540167905549958e-03	-4.430659e+00	-4.566244e-01
4.540509605048526e-03	-4.315642e+00	-4.579483e-01
4.541193004045662e-03	-4.072101e+00	-4.604704e-01
4.541950860276318e-03	-3.802150e+00	-4.630780e-01
4.542950860276319e-03	-3.445946e+00	-4.662097e-01
4.544950860276319e-03	-2.733665e+00	-4.714398e-01
4.545950860276319e-03	-2.377587e+00	-4.735598e-01
4.546550860276319e-03	-2.233428e+00	-4.746904e-01
4.547169503954052e-03	-2.212313e+00	-4.757816e-01
4.547473893018356e-03	-2.220567e+00	-4.763117e-01
4.547748171680484e-03	-2.219460e+00	-4.767889e-01
4.551410035281034e-03	-2.218658e+00	-4.831484e-01
4.551787222978007e-03	-2.218542e+00	-4.837958e-01
4.552541598371955e-03	-2.123739e+00	-4.850359e-01
4.553347926714205e-03	-1.855335e+00	-4.862090e-01
4.554347926714205e-03	-1.487662e+00	-4.873760e-01
4.555278435443432e-03	-1.163994e+00	-4.881517e-01
4.556278435443433e-03	-8.033549e-01	-4.886351e-01
4.557278435443433e-03	-4.504192e-01	-4.887686e-01
4.558278435443433e-03	-9.284005e-02	-4.885463e-01
4.559278435443433e-03	2.619847e-01	-4.879688e-01
4.560278435443433e-03	6.179083e-01	-4.870354e-01
4.561278435443433e-03	9.737487e-01	-4.857484e-01
4.562278435443433e-03	1.329506e+00	-4.841079e-01
4.563278435443434e-03	1.685180e+00	-4.821139e-01
4.564278435443434e-03	2.040770e+00	-4.797663e-01
4.565278435443434e-03	2.396277e+00	-4.770652e-01
4.566278435443434e-03	2.751701e+00	-4.740105e-01
4.567278435443434e-03	3.107356e+00	-4.706047e-01
4.568278435443434e-03	3.462649e+00	-4.668480e-01
4.569278435443434e-03	3.811262e+00	-4.627876e-01
4.570278435443434e-03	3.810964e+00	-4.585581e-01
4.571521205510325e-03	3.812112e+00	-4.532531e-01
4.571666797889305e-03	3.811828e+00	-4.526320e-01
4.571957982647265e-03	3.811939e+00	-4.513902e-01
4.572030778836755e-03	3.811966e+00	-4.510798e-01
4.572212769310480e-03	3.812035e+00	-4.503039e-01
4.572252187245213e-03	3.812051e+00	-4.501359e-01
4.572291605179946e-03	3.812066e+00	-4.499679e-01
4.572331023114679e-03	3.812081e+00	-4.497999e-01
4.572370441049412e-03	3.812095e+00	-4.496318e-01
4.572409858984145e-03	3.812109e+00	-4.494638e-01
4.572449276918879e-03	3.812122e+00	-4.492958e-01
4.572488694853612e-03	3.812134e+00	-4.491278e-01
4.572634167764891e-03	3.812155e+00	-4.485079e-01
4.572828131646597e-03	3.812162e+00	-4.476815e-01
4.588496990313132e-03	3.812335e+00	-3.815255e-01
4.604165848979666e-03	3.812505e+00	-3.163475e-01
4.619834707646202e-03	3.812673e+00	-2.521477e-01
4.635503566312736e-03	3.812838e+00	-1.889259e-01
4.651172424979272e-03	3.813000e+00	-1.266822e-01
4.666841283645806e-03	3.813160e+00	-6.541659e-02
4.682510142312342e-03	3.813317e+00	-5.129077e-03
4.692275767312341e-03	3.813414e+00	3.198612e-02
4.711807017312341e-03	3.813605e+00	1.051411e-01
4.741103892312340e-03	3.813884e+00	2.122366e-01
4.750869517312340e-03	3.813976e+00	2.472455e-01
4.760635142312340e-03	3.814066e+00	2.819152e-01
4.770400767312340e-03	3.814153e+00	3.162489e-01
4.780166392312339e-03	3.814203e+00	3.502623e-01
4.788326848642947e-03	3.813526e+00	3.784782e-01
4.789461753062896e-03	3.813305e+00	3.823820e-01
4.789745479167883e-03	3.813248e+00	3.833554e-01
4.790312931377857e-03	3.813131e+00	3.853014e-01
4.790364802975321e-03	3.804204e+00	3.854787e-01
4.790468546170248e-03	3.781429e+00	3.858311e-01
4.790676032560102e-03	3.732432e+00	3.865276e-01
4.790959470732736e-03	3.654576e+00	3.874574e-01
4.791445857643181e-03	3.496137e+00	3.889760e-01
4.792418631464072e-03	3.150145e+00	3.917837e-01
4.795383716190283e-03	2.093721e+00	3.983738e-01
4.798383716190283e-03	1.025614e+00	4.018464e-01
4.799383716190283e-03	6.695911e-01	4.022904e-01
4.800383716190283e-03	3.136579e-01	4.023783e-01
4.801383716190284e-03	-4.226232e-02	4.021104e-01

