V1	V(n001)	Ic(Q1)
Step Information: V2=660m  (Step: 1/9)
1.000000000000000e-02	1.000000e-02	-6.510077e-04
1.071773462536293e-02	1.071773e-02	-5.897433e-04
1.148698354997035e-02	1.148698e-02	-5.247241e-04
1.231144413344916e-02	1.231144e-02	-4.557818e-04
1.319507910772894e-02	1.319508e-02	-3.827517e-04
1.414213562373095e-02	1.414214e-02	-3.054759e-04
1.515716566510398e-02	1.515717e-02	-2.238067e-04
1.624504792712471e-02	1.624505e-02	-1.376106e-04
1.741101126592248e-02	1.741101e-02	-4.677271e-05
1.866065983073614e-02	1.866066e-02	4.879702e-05
1.999999999999999e-02	2.000000e-02	1.491579e-04
2.143546925072586e-02	2.143547e-02	2.543306e-04
2.297396709994069e-02	2.297397e-02	3.642890e-04
2.462288826689831e-02	2.462289e-02	4.789506e-04
2.639015821545787e-02	2.639016e-02	5.981659e-04
2.828427124746189e-02	2.828427e-02	7.217076e-04
3.031433133020795e-02	3.031433e-02	8.492584e-04
3.249009585424940e-02	3.249010e-02	9.803999e-04
3.482202253184495e-02	3.482202e-02	1.114601e-03
3.732131966147228e-02	3.732132e-02	1.251210e-03
3.999999999999997e-02	4.000000e-02	1.389444e-03
4.287093850145170e-02	4.287094e-02	1.528394e-03
4.594793419988137e-02	4.594794e-02	1.667022e-03
4.924577653379662e-02	4.924577e-02	1.804175e-03
5.278031643091573e-02	5.278032e-02	1.938609e-03
5.656854249492376e-02	5.656854e-02	2.069019e-03
6.062866266041587e-02	6.062866e-02	2.194086e-03
6.498019170849878e-02	6.498019e-02	2.312525e-03
6.964404506368987e-02	6.964404e-02	2.423155e-03
7.464263932294453e-02	7.464264e-02	2.524954e-03
7.999999999999993e-02	8.000000e-02	2.617127e-03
8.574187700290338e-02	8.574188e-02	2.699149e-03
9.189586839976270e-02	9.189587e-02	2.770806e-03
9.849155306759320e-02	9.849155e-02	2.832195e-03
1.055606328618314e-01	1.055606e-01	2.883717e-03
1.131370849898475e-01	1.131371e-01	2.926037e-03
1.212573253208317e-01	1.212573e-01	2.960026e-03
1.299603834169975e-01	1.299604e-01	2.986696e-03
1.392880901273797e-01	1.392881e-01	3.007127e-03
1.492852786458890e-01	1.492853e-01	3.022403e-03
1.599999999999998e-01	1.600000e-01	3.033548e-03
1.714837540058067e-01	1.714838e-01	3.041493e-03
1.837917367995254e-01	1.837917e-01	3.047039e-03
1.969831061351863e-01	1.969831e-01	3.050853e-03
2.111212657236628e-01	2.111213e-01	3.053466e-03
2.262741699796949e-01	2.262742e-01	3.055281e-03
2.425146506416634e-01	2.425147e-01	3.056593e-03
2.599207668339950e-01	2.599208e-01	3.057610e-03
2.785761802547593e-01	2.785762e-01	3.058471e-03
2.985705572917779e-01	2.985705e-01	3.059264e-03
3.199999999999995e-01	3.200000e-01	3.060046e-03
3.429675080116133e-01	3.429675e-01	3.060850e-03
3.675834735990506e-01	3.675835e-01	3.061695e-03
3.939662122703725e-01	3.939662e-01	3.062592e-03
4.222425314473255e-01	4.222425e-01	3.063552e-03
4.525483399593897e-01	4.525483e-01	3.064579e-03
4.850293012833266e-01	4.850293e-01	3.065679e-03
5.198415336679899e-01	5.198416e-01	3.066858e-03
5.571523605095184e-01	5.571523e-01	3.068121e-03
5.971411145835556e-01	5.971411e-01	3.069476e-03
6.399999999999988e-01	6.400000e-01	3.070927e-03
6.859350160232264e-01	6.859350e-01	3.072483e-03
7.351669471981009e-01	7.351670e-01	3.074150e-03
7.879324245407449e-01	7.879324e-01	3.075937e-03
8.444850628946508e-01	8.444850e-01	3.077852e-03
9.050966799187791e-01	9.050967e-01	3.079904e-03
9.700586025666529e-01	9.700586e-01	3.082104e-03
1.039683067335979e+00	1.039683e+00	3.084462e-03
1.114304721019037e+00	1.114305e+00	3.086990e-03
1.194282229167111e+00	1.194282e+00	3.089698e-03
1.279999999999997e+00	1.280000e+00	3.092601e-03
1.371870032046452e+00	1.371870e+00	3.095712e-03
1.470333894396201e+00	1.470334e+00	3.099047e-03
1.575864849081489e+00	1.575865e+00	3.102620e-03
1.688970125789301e+00	1.688970e+00	3.106451e-03
1.810193359837557e+00	1.810193e+00	3.110556e-03
1.940117205133305e+00	1.940117e+00	3.114956e-03
2.079366134671958e+00	2.079366e+00	3.119672e-03
2.228609442038072e+00	2.228609e+00	3.124726e-03
2.388564458334221e+00	2.388564e+00	3.130143e-03
2.559999999999994e+00	2.560000e+00	3.135949e-03
2.743740064092904e+00	2.743740e+00	3.142171e-03
2.940667788792402e+00	2.940668e+00	3.148840e-03
3.151729698162977e+00	3.151730e+00	3.155988e-03
3.377940251578601e+00	3.377940e+00	3.163649e-03
3.620386719675114e+00	3.620387e+00	3.171859e-03
3.880234410266609e+00	3.880234e+00	3.180659e-03
4.158732269343915e+00	4.158732e+00	3.190090e-03
4.457218884076144e+00	4.457219e+00	3.200199e-03
4.777128916668441e+00	4.777129e+00	3.211033e-03
5.000000000000000e+00	5.000000e+00	3.218580e-03
Step Information: V2=687.5m  (Step: 2/9)
1.000000000000000e-02	1.000000e-02	-1.187681e-03
1.071773462536293e-02	1.071773e-02	-1.081609e-03
1.148698354997035e-02	1.148698e-02	-9.681937e-04
1.231144413344916e-02	1.231144e-02	-8.469610e-04
1.319507910772894e-02	1.319508e-02	-7.174130e-04
1.414213562373095e-02	1.414214e-02	-5.790293e-04
1.515716566510398e-02	1.515717e-02	-4.312688e-04
1.624504792712471e-02	1.624505e-02	-2.735712e-04
1.741101126592248e-02	1.741101e-02	-1.053607e-04
1.866065983073614e-02	1.866066e-02	7.395000e-05
1.999999999999999e-02	2.000000e-02	2.649535e-04
2.143546925072586e-02	2.143547e-02	4.682396e-04
2.297396709994069e-02	2.297397e-02	6.843847e-04
2.462288826689831e-02	2.462289e-02	9.139382e-04
2.639015821545787e-02	2.639016e-02	1.157405e-03
2.828427124746189e-02	2.828427e-02	1.415222e-03
3.031433133020795e-02	3.031433e-02	1.687734e-03
3.249009585424940e-02	3.249010e-02	1.975155e-03
3.482202253184495e-02	3.482202e-02	2.277529e-03
3.732131966147228e-02	3.732132e-02	2.594682e-03
3.999999999999997e-02	4.000000e-02	2.926160e-03
4.287093850145170e-02	4.287094e-02	3.271164e-03
4.594793419988137e-02	4.594794e-02	3.628479e-03
4.924577653379662e-02	4.924577e-02	3.996394e-03
5.278031643091573e-02	5.278032e-02	4.372632e-03
5.656854249492376e-02	5.656854e-02	4.754288e-03
6.062866266041587e-02	6.062866e-02	5.137792e-03
6.498019170849878e-02	6.498019e-02	5.518924e-03
6.964404506368987e-02	6.964404e-02	5.892879e-03
7.464263932294453e-02	7.464264e-02	6.254431e-03
7.999999999999993e-02	8.000000e-02	6.598176e-03
8.574187700290338e-02	8.574188e-02	6.918876e-03
9.189586839976270e-02	9.189587e-02	7.211857e-03
9.849155306759320e-02	9.849155e-02	7.473427e-03
1.055606328618314e-01	1.055606e-01	7.701225e-03
1.131370849898475e-01	1.131371e-01	7.894442e-03
1.212573253208317e-01	1.212573e-01	8.053857e-03
1.299603834169975e-01	1.299604e-01	8.181672e-03
1.392880901273797e-01	1.392881e-01	8.281195e-03
1.492852786458890e-01	1.492853e-01	8.356427e-03
1.599999999999998e-01	1.600000e-01	8.411636e-03
1.714837540058067e-01	1.714838e-01	8.450988e-03
1.837917367995254e-01	1.837917e-01	8.478270e-03
1.969831061351863e-01	1.969831e-01	8.496728e-03
2.111212657236628e-01	2.111213e-01	8.508994e-03
2.262741699796949e-01	2.262742e-01	8.517103e-03
2.425146506416634e-01	2.425147e-01	8.522552e-03
2.599207668339950e-01	2.599208e-01	8.526392e-03
2.785761802547593e-01	2.785762e-01	8.529332e-03
2.985705572917779e-01	2.985705e-01	8.531820e-03
3.199999999999995e-01	3.200000e-01	8.534133e-03
3.429675080116133e-01	3.429675e-01	8.536436e-03
3.675834735990506e-01	3.675835e-01	8.538818e-03
3.939662122703725e-01	3.939662e-01	8.541333e-03
4.222425314473255e-01	4.222425e-01	8.544014e-03
4.525483399593897e-01	4.525483e-01	8.546880e-03
4.850293012833266e-01	4.850293e-01	8.549949e-03
5.198415336679899e-01	5.198416e-01	8.553239e-03
5.571523605095184e-01	5.571523e-01	8.556764e-03
5.971411145835556e-01	5.971411e-01	8.560542e-03
6.399999999999988e-01	6.400000e-01	8.564590e-03
6.859350160232264e-01	6.859350e-01	8.568930e-03
7.351669471981009e-01	7.351670e-01	8.573582e-03
7.879324245407449e-01	7.879324e-01	8.578567e-03
8.444850628946508e-01	8.444850e-01	8.583910e-03
9.050966799187791e-01	9.050967e-01	8.589637e-03
9.700586025666529e-01	9.700586e-01	8.595774e-03
1.039683067335979e+00	1.039683e+00	8.602352e-03
1.114304721019037e+00	1.114305e+00	8.609402e-03
1.194282229167111e+00	1.194282e+00	8.616958e-03
1.279999999999997e+00	1.280000e+00	8.625056e-03
1.371870032046452e+00	1.371870e+00	8.633736e-03
1.470333894396201e+00	1.470334e+00	8.643038e-03
1.575864849081489e+00	1.575865e+00	8.653008e-03
1.688970125789301e+00	1.688970e+00	8.663694e-03
1.810193359837557e+00	1.810193e+00	8.675147e-03
1.940117205133305e+00	1.940117e+00	8.687422e-03
2.079366134671958e+00	2.079366e+00	8.700578e-03
2.228609442038072e+00	2.228609e+00	8.714678e-03
2.388564458334221e+00	2.388564e+00	8.729789e-03
2.559999999999994e+00	2.560000e+00	8.745986e-03
2.743740064092904e+00	2.743740e+00	8.763345e-03
2.940667788792402e+00	2.940668e+00	8.781950e-03
3.151729698162977e+00	3.151730e+00	8.801891e-03
3.377940251578601e+00	3.377940e+00	8.823263e-03
3.620386719675114e+00	3.620387e+00	8.846167e-03
3.880234410266609e+00	3.880234e+00	8.870717e-03
4.158732269343915e+00	4.158732e+00	8.897029e-03
4.457218884076144e+00	4.457219e+00	8.925229e-03
4.777128916668441e+00	4.777129e+00	8.955453e-03
5.000000000000000e+00	5.000000e+00	8.976509e-03
Step Information: V2=715m  (Step: 3/9)
1.000000000000000e-02	1.000000e-02	-1.865855e-03
1.071773462536293e-02	1.071773e-02	-1.706924e-03
1.148698354997035e-02	1.148698e-02	-1.536117e-03
1.231144413344916e-02	1.231144e-02	-1.352517e-03
1.319507910772894e-02	1.319508e-02	-1.155135e-03
1.414213562373095e-02	1.414214e-02	-9.429045e-04
1.515716566510398e-02	1.515717e-02	-7.146724e-04
1.624504792712471e-02	1.624505e-02	-4.691954e-04
1.741101126592248e-02	1.741101e-02	-2.051327e-04
1.866065983073614e-02	1.866066e-02	7.895989e-05
1.999999999999999e-02	2.000000e-02	3.846360e-04
2.143546925072586e-02	2.143547e-02	7.135642e-04
2.297396709994069e-02	2.297397e-02	1.067532e-03
2.462288826689831e-02	2.462289e-02	1.448447e-03
2.639015821545787e-02	2.639016e-02	1.858341e-03
2.828427124746189e-02	2.828427e-02	2.299360e-03
3.031433133020795e-02	3.031433e-02	2.773759e-03
3.249009585424940e-02	3.249010e-02	3.283882e-03
3.482202253184495e-02	3.482202e-02	3.832135e-03
3.732131966147228e-02	3.732132e-02	4.420944e-03
3.999999999999997e-02	4.000000e-02	5.052692e-03
4.287093850145170e-02	4.287094e-02	5.729635e-03
4.594793419988137e-02	4.594794e-02	6.453777e-03
4.924577653379662e-02	4.924577e-02	7.226713e-03
5.278031643091573e-02	5.278032e-02	8.049411e-03
5.656854249492376e-02	5.656854e-02	8.921944e-03
6.062866266041587e-02	6.062866e-02	9.843137e-03
6.498019170849878e-02	6.498019e-02	1.081015e-02
6.964404506368987e-02	6.964404e-02	1.181801e-02
7.464263932294453e-02	7.464264e-02	1.285906e-02
7.999999999999993e-02	8.000000e-02	1.392249e-02
8.574187700290338e-02	8.574188e-02	1.499396e-02
9.189586839976270e-02	9.189587e-02	1.605555e-02
9.849155306759320e-02	9.849155e-02	1.708620e-02
1.055606328618314e-01	1.055606e-01	1.806286e-02
1.131370849898475e-01	1.131371e-01	1.896248e-02
1.212573253208317e-01	1.212573e-01	1.976472e-02
1.299603834169975e-01	1.299604e-01	2.045477e-02
1.392880901273797e-01	1.392881e-01	2.102563e-02
1.492852786458890e-01	1.492853e-01	2.147899e-02
1.599999999999998e-01	1.600000e-01	2.182438e-02
1.714837540058067e-01	1.714838e-01	2.207688e-02
1.837917367995254e-01	1.837917e-01	2.225423e-02
1.969831061351863e-01	1.969831e-01	2.237417e-02
2.111212657236628e-01	2.111213e-01	2.245255e-02
2.262741699796949e-01	2.262742e-01	2.250236e-02
2.425146506416634e-01	2.425147e-01	2.253351e-02
2.599207668339950e-01	2.599208e-01	2.255310e-02
2.785761802547593e-01	2.785762e-01	2.256593e-02
2.985705572917779e-01	2.985705e-01	2.257510e-02
3.199999999999995e-01	3.200000e-01	2.258247e-02
3.429675080116133e-01	3.429675e-01	2.258914e-02
3.675834735990506e-01	3.675835e-01	2.259569e-02
3.939662122703725e-01	3.939662e-01	2.260244e-02
4.222425314473255e-01	4.222425e-01	2.260957e-02
4.525483399593897e-01	4.525483e-01	2.261717e-02
4.850293012833266e-01	4.850293e-01	2.262530e-02
5.198415336679899e-01	5.198416e-01	2.263401e-02
5.571523605095184e-01	5.571523e-01	2.264334e-02
5.971411145835556e-01	5.971411e-01	2.265334e-02
6.399999999999988e-01	6.400000e-01	2.266406e-02
6.859350160232264e-01	6.859350e-01	2.267555e-02
7.351669471981009e-01	7.351670e-01	2.268786e-02
7.879324245407449e-01	7.879324e-01	2.270106e-02
8.444850628946508e-01	8.444850e-01	2.271520e-02
9.050966799187791e-01	9.050967e-01	2.273036e-02
9.700586025666529e-01	9.700586e-01	2.274660e-02
1.039683067335979e+00	1.039683e+00	2.276402e-02
1.114304721019037e+00	1.114305e+00	2.278268e-02
1.194282229167111e+00	1.194282e+00	2.280268e-02
1.279999999999997e+00	1.280000e+00	2.282412e-02
1.371870032046452e+00	1.371870e+00	2.284709e-02
1.470333894396201e+00	1.470334e+00	2.287171e-02
1.575864849081489e+00	1.575865e+00	2.289811e-02
1.688970125789301e+00	1.688970e+00	2.292639e-02
1.810193359837557e+00	1.810193e+00	2.295671e-02
1.940117205133305e+00	1.940117e+00	2.298920e-02
2.079366134671958e+00	2.079366e+00	2.302402e-02
2.228609442038072e+00	2.228609e+00	2.306135e-02
2.388564458334221e+00	2.388564e+00	2.310135e-02
2.559999999999994e+00	2.560000e+00	2.314422e-02
2.743740064092904e+00	2.743740e+00	2.319017e-02
2.940667788792402e+00	2.940668e+00	2.323942e-02
3.151729698162977e+00	3.151730e+00	2.329220e-02
3.377940251578601e+00	3.377940e+00	2.334877e-02
3.620386719675114e+00	3.620387e+00	2.340941e-02
3.880234410266609e+00	3.880234e+00	2.347439e-02
4.158732269343915e+00	4.158732e+00	2.354404e-02
4.457218884076144e+00	4.457219e+00	2.361868e-02
4.777128916668441e+00	4.777129e+00	2.369869e-02
5.000000000000000e+00	5.000000e+00	2.375442e-02
Step Information: V2=742.5m  (Step: 4/9)
1.000000000000000e-02	1.000000e-02	-2.624175e-03
1.071773462536293e-02	1.071773e-02	-2.409442e-03
1.148698354997035e-02	1.148698e-02	-2.177985e-03
1.231144413344916e-02	1.231144e-02	-1.928403e-03
1.319507910772894e-02	1.319508e-02	-1.659169e-03
1.414213562373095e-02	1.414214e-02	-1.368609e-03
1.515716566510398e-02	1.515717e-02	-1.054892e-03
1.624504792712471e-02	1.624505e-02	-7.160090e-04
1.741101126592248e-02	1.741101e-02	-3.497578e-04
1.866065983073614e-02	1.866066e-02	4.627959e-05
1.999999999999999e-02	2.000000e-02	4.747593e-04
2.143546925072586e-02	2.143547e-02	9.386009e-04
2.297396709994069e-02	2.297397e-02	1.441014e-03
2.462288826689831e-02	2.462289e-02	1.985530e-03
2.639015821545787e-02	2.639016e-02	2.576029e-03
2.828427124746189e-02	2.828427e-02	3.216778e-03
3.031433133020795e-02	3.031433e-02	3.912461e-03
3.249009585424940e-02	3.249010e-02	4.668212e-03
3.482202253184495e-02	3.482202e-02	5.489653e-03
3.732131966147228e-02	3.732132e-02	6.382907e-03
3.999999999999997e-02	4.000000e-02	7.354631e-03
4.287093850145170e-02	4.287094e-02	8.412006e-03
4.594793419988137e-02	4.594794e-02	9.562730e-03
4.924577653379662e-02	4.924577e-02	1.081496e-02
5.278031643091573e-02	5.278032e-02	1.217722e-02
5.656854249492376e-02	5.656854e-02	1.365824e-02
6.062866266041587e-02	6.062866e-02	1.526672e-02
6.498019170849878e-02	6.498019e-02	1.701093e-02
6.964404506368987e-02	6.964404e-02	1.889821e-02
7.464263932294453e-02	7.464264e-02	2.093422e-02
7.999999999999993e-02	8.000000e-02	2.312193e-02
8.574187700290338e-02	8.574188e-02	2.546027e-02
9.189586839976270e-02	9.189587e-02	2.794239e-02
9.849155306759320e-02	9.849155e-02	3.055351e-02
1.055606328618314e-01	1.055606e-01	3.326839e-02
1.131370849898475e-01	1.131371e-01	3.604869e-02
1.212573253208317e-01	1.212573e-01	3.884073e-02
1.299603834169975e-01	1.299604e-01	4.157484e-02
1.392880901273797e-01	1.392881e-01	4.416793e-02
1.492852786458890e-01	1.492853e-01	4.653120e-02
1.599999999999998e-01	1.600000e-01	4.858383e-02
1.714837540058067e-01	1.714838e-01	5.027012e-02
1.837917367995254e-01	1.837917e-01	5.157341e-02
1.969831061351863e-01	1.969831e-01	5.251913e-02
2.111212657236628e-01	2.111213e-01	5.316441e-02
2.262741699796949e-01	2.262742e-01	5.358032e-02
2.425146506416634e-01	2.425147e-01	5.383538e-02
2.599207668339950e-01	2.599208e-01	5.398582e-02
2.785761802547593e-01	2.785762e-01	5.407270e-02
2.985705572917779e-01	2.985705e-01	5.412347e-02
3.199999999999995e-01	3.200000e-01	5.415511e-02
3.429675080116133e-01	3.429675e-01	5.417747e-02
3.675834735990506e-01	3.675835e-01	5.419593e-02
3.939662122703725e-01	3.939662e-01	5.421325e-02
4.222425314473255e-01	4.222425e-01	5.423077e-02
4.525483399593897e-01	4.525483e-01	5.424915e-02
4.850293012833266e-01	4.850293e-01	5.426870e-02
5.198415336679899e-01	5.198416e-01	5.428961e-02
5.571523605095184e-01	5.571523e-01	5.431200e-02
5.971411145835556e-01	5.971411e-01	5.433600e-02
6.399999999999988e-01	6.400000e-01	5.436171e-02
6.859350160232264e-01	6.859350e-01	5.438927e-02
7.351669471981009e-01	7.351670e-01	5.441881e-02
7.879324245407449e-01	7.879324e-01	5.445047e-02
8.444850628946508e-01	8.444850e-01	5.448440e-02
9.050966799187791e-01	9.050967e-01	5.452077e-02
9.700586025666529e-01	9.700586e-01	5.455975e-02
1.039683067335979e+00	1.039683e+00	5.460153e-02
1.114304721019037e+00	1.114305e+00	5.464630e-02
1.194282229167111e+00	1.194282e+00	5.469429e-02
1.279999999999997e+00	1.280000e+00	5.474572e-02
1.371870032046452e+00	1.371870e+00	5.480085e-02
1.470333894396201e+00	1.470334e+00	5.485993e-02
1.575864849081489e+00	1.575865e+00	5.492325e-02
1.688970125789301e+00	1.688970e+00	5.499111e-02
1.810193359837557e+00	1.810193e+00	5.506385e-02
1.940117205133305e+00	1.940117e+00	5.514181e-02
2.079366134671958e+00	2.079366e+00	5.522536e-02
2.228609442038072e+00	2.228609e+00	5.531491e-02
2.388564458334221e+00	2.388564e+00	5.541088e-02
2.559999999999994e+00	2.560000e+00	5.551375e-02
2.743740064092904e+00	2.743740e+00	5.562399e-02
2.940667788792402e+00	2.940668e+00	5.574215e-02
3.151729698162977e+00	3.151730e+00	5.586879e-02
3.377940251578601e+00	3.377940e+00	5.600452e-02
3.620386719675114e+00	3.620387e+00	5.615000e-02
3.880234410266609e+00	3.880234e+00	5.630591e-02
4.158732269343915e+00	4.158732e+00	5.647301e-02
4.457218884076144e+00	4.457219e+00	5.665211e-02
4.777128916668441e+00	4.777129e+00	5.684406e-02
5.000000000000000e+00	5.000000e+00	5.697779e-02
Step Information: V2=770m  (Step: 5/9)
1.000000000000000e-02	1.000000e-02	-3.416096e-03
1.071773462536293e-02	1.071773e-02	-3.145996e-03
1.148698354997035e-02	1.148698e-02	-2.854440e-03
1.231144413344916e-02	1.231144e-02	-2.539570e-03
1.319507910772894e-02	1.319508e-02	-2.199348e-03
1.414213562373095e-02	1.414214e-02	-1.831532e-03
1.515716566510398e-02	1.515717e-02	-1.433652e-03
1.624504792712471e-02	1.624505e-02	-1.002989e-03
1.741101126592248e-02	1.741101e-02	-5.365414e-04
1.866065983073614e-02	1.866066e-02	-3.099477e-05
1.999999999999999e-02	2.000000e-02	5.173176e-04
2.143546925072586e-02	2.143547e-02	1.112454e-03
2.297396709994069e-02	2.297397e-02	1.758913e-03
2.462288826689831e-02	2.462289e-02	2.461681e-03
2.639015821545787e-02	2.639016e-02	3.226296e-03
2.828427124746189e-02	2.828427e-02	4.058904e-03
3.031433133020795e-02	3.031433e-02	4.966333e-03
3.249009585424940e-02	3.249010e-02	5.956167e-03
3.482202253184495e-02	3.482202e-02	7.036829e-03
3.732131966147228e-02	3.732132e-02	8.217665e-03
3.999999999999997e-02	4.000000e-02	9.509033e-03
4.287093850145170e-02	4.287094e-02	1.092239e-02
4.594793419988137e-02	4.594794e-02	1.247039e-02
4.924577653379662e-02	4.924577e-02	1.416695e-02
5.278031643091573e-02	5.278032e-02	1.602731e-02
5.656854249492376e-02	5.656854e-02	1.806808e-02
6.062866266041587e-02	6.062866e-02	2.030723e-02
6.498019170849878e-02	6.498019e-02	2.276401e-02
6.964404506368987e-02	6.964404e-02	2.545883e-02
7.464263932294453e-02	7.464264e-02	2.841297e-02
7.999999999999993e-02	8.000000e-02	3.164817e-02
8.574187700290338e-02	8.574188e-02	3.518596e-02
9.189586839976270e-02	9.189587e-02	3.904671e-02
9.849155306759320e-02	9.849155e-02	4.324831e-02
1.055606328618314e-01	1.055606e-01	4.780421e-02
1.131370849898475e-01	1.131371e-01	5.272077e-02
1.212573253208317e-01	1.212573e-01	5.799357e-02
1.299603834169975e-01	1.299604e-01	6.360234e-02
1.392880901273797e-01	1.392881e-01	6.950422e-02
1.492852786458890e-01	1.492853e-01	7.562503e-02
1.599999999999998e-01	1.600000e-01	8.184905e-02
1.714837540058067e-01	1.714838e-01	8.800907e-02
1.837917367995254e-01	1.837917e-01	9.388248e-02
1.969831061351863e-01	1.969831e-01	9.920435e-02
2.111212657236628e-01	2.111213e-01	1.037119e-01
2.262741699796949e-01	2.262742e-01	1.072218e-01
2.425146506416634e-01	2.425147e-01	1.097054e-01
2.599207668339950e-01	2.599208e-01	1.112993e-01
2.785761802547593e-01	2.785762e-01	1.122356e-01
2.985705572917779e-01	2.985705e-01	1.127478e-01
3.199999999999995e-01	3.200000e-01	1.130159e-01
3.429675080116133e-01	3.429675e-01	1.131561e-01
3.675834735990506e-01	3.675835e-01	1.132351e-01
3.939662122703725e-01	3.939662e-01	1.132876e-01
4.222425314473255e-01	4.222425e-01	1.133303e-01
4.525483399593897e-01	4.525483e-01	1.133709e-01
4.850293012833266e-01	4.850293e-01	1.134124e-01
5.198415336679899e-01	5.198416e-01	1.134563e-01
5.571523605095184e-01	5.571523e-01	1.135032e-01
5.971411145835556e-01	5.971411e-01	1.135534e-01
6.399999999999988e-01	6.400000e-01	1.136071e-01
6.859350160232264e-01	6.859350e-01	1.136648e-01
7.351669471981009e-01	7.351670e-01	1.137265e-01
7.879324245407449e-01	7.879324e-01	1.137927e-01
8.444850628946508e-01	8.444850e-01	1.138636e-01
9.050966799187791e-01	9.050967e-01	1.139397e-01
9.700586025666529e-01	9.700586e-01	1.140211e-01
1.039683067335979e+00	1.039683e+00	1.141085e-01
1.114304721019037e+00	1.114305e+00	1.142021e-01
1.194282229167111e+00	1.194282e+00	1.143024e-01
1.279999999999997e+00	1.280000e+00	1.144099e-01
1.371870032046452e+00	1.371870e+00	1.145251e-01
1.470333894396201e+00	1.470334e+00	1.146486e-01
1.575864849081489e+00	1.575865e+00	1.147810e-01
1.688970125789301e+00	1.688970e+00	1.149228e-01
1.810193359837557e+00	1.810193e+00	1.150749e-01
1.940117205133305e+00	1.940117e+00	1.152378e-01
2.079366134671958e+00	2.079366e+00	1.154125e-01
2.228609442038072e+00	2.228609e+00	1.155997e-01
2.388564458334221e+00	2.388564e+00	1.158003e-01
2.559999999999994e+00	2.560000e+00	1.160154e-01
2.743740064092904e+00	2.743740e+00	1.162458e-01
2.940667788792402e+00	2.940668e+00	1.164928e-01
3.151729698162977e+00	3.151730e+00	1.167575e-01
3.377940251578601e+00	3.377940e+00	1.170413e-01
3.620386719675114e+00	3.620387e+00	1.173454e-01
3.880234410266609e+00	3.880234e+00	1.176713e-01
4.158732269343915e+00	4.158732e+00	1.180206e-01
4.457218884076144e+00	4.457219e+00	1.183950e-01
4.777128916668441e+00	4.777129e+00	1.187963e-01
5.000000000000000e+00	5.000000e+00	1.190758e-01
Step Information: V2=797.5m  (Step: 6/9)
1.000000000000000e-02	1.000000e-02	-4.213198e-03
1.071773462536293e-02	1.071773e-02	-3.890030e-03
1.148698354997035e-02	1.148698e-02	-3.541002e-03
1.231144413344916e-02	1.231144e-02	-3.163849e-03
1.319507910772894e-02	1.319508e-02	-2.756085e-03
1.414213562373095e-02	1.414214e-02	-2.314972e-03
1.515716566510398e-02	1.515717e-02	-1.837491e-03
1.624504792712471e-02	1.624505e-02	-1.320313e-03
1.741101126592248e-02	1.741101e-02	-7.597613e-04
1.866065983073614e-02	1.866066e-02	-1.517683e-04
1.999999999999999e-02	2.000000e-02	5.081685e-04
2.143546925072586e-02	2.143547e-02	1.225040e-03
2.297396709994069e-02	2.297397e-02	2.004383e-03
2.462288826689831e-02	2.462289e-02	2.852345e-03
2.639015821545787e-02	2.639016e-02	3.775760e-03
2.828427124746189e-02	2.828427e-02	4.782226e-03
3.031433133020795e-02	3.031433e-02	5.880197e-03
3.249009585424940e-02	3.249010e-02	7.079080e-03
3.482202253184495e-02	3.482202e-02	8.389346e-03
3.732131966147228e-02	3.732132e-02	9.822645e-03
3.999999999999997e-02	4.000000e-02	1.139193e-02
4.287093850145170e-02	4.287094e-02	1.311160e-02
4.594793419988137e-02	4.594794e-02	1.499761e-02
4.924577653379662e-02	4.924577e-02	1.706768e-02
5.278031643091573e-02	5.278032e-02	1.934133e-02
5.656854249492376e-02	5.656854e-02	2.184014e-02
6.062866266041587e-02	6.062866e-02	2.458776e-02
6.498019170849878e-02	6.498019e-02	2.761009e-02
6.964404506368987e-02	6.964404e-02	3.093532e-02
7.464263932294453e-02	7.464264e-02	3.459394e-02
7.999999999999993e-02	8.000000e-02	3.861871e-02
8.574187700290338e-02	8.574188e-02	4.304454e-02
9.189586839976270e-02	9.189587e-02	4.790821e-02
9.849155306759320e-02	9.849155e-02	5.324798e-02
1.055606328618314e-01	1.055606e-01	5.910294e-02
1.131370849898475e-01	1.131371e-01	6.551208e-02
1.212573253208317e-01	1.212573e-01	7.251293e-02
1.299603834169975e-01	1.299604e-01	8.013962e-02
1.392880901273797e-01	1.392881e-01	8.842003e-02
1.492852786458890e-01	1.492853e-01	9.737176e-02
1.599999999999998e-01	1.600000e-01	1.069962e-01
1.714837540058067e-01	1.714838e-01	1.172696e-01
1.837917367995254e-01	1.837917e-01	1.281305e-01
1.969831061351863e-01	1.969831e-01	1.394605e-01
2.111212657236628e-01	2.111213e-01	1.510577e-01
2.262741699796949e-01	2.262742e-01	1.626011e-01
2.425146506416634e-01	2.425147e-01	1.736167e-01
2.599207668339950e-01	2.599208e-01	1.834757e-01
2.785761802547593e-01	2.785762e-01	1.915022e-01
2.985705572917779e-01	2.985705e-01	1.972487e-01
3.199999999999995e-01	3.200000e-01	2.007898e-01
3.429675080116133e-01	3.429675e-01	2.026801e-01
3.675834735990506e-01	3.675835e-01	2.035856e-01
3.939662122703725e-01	3.939662e-01	2.039988e-01
4.222425314473255e-01	4.222425e-01	2.041974e-01
4.525483399593897e-01	4.525483e-01	2.043130e-01
4.850293012833266e-01	4.850293e-01	2.044016e-01
5.198415336679899e-01	5.198416e-01	2.044849e-01
5.571523605095184e-01	5.571523e-01	2.045704e-01
5.971411145835556e-01	5.971411e-01	2.046611e-01
6.399999999999988e-01	6.400000e-01	2.047581e-01
6.859350160232264e-01	6.859350e-01	2.048620e-01
7.351669471981009e-01	7.351670e-01	2.049733e-01
7.879324245407449e-01	7.879324e-01	2.050926e-01
8.444850628946508e-01	8.444850e-01	2.052205e-01
9.050966799187791e-01	9.050967e-01	2.053576e-01
9.700586025666529e-01	9.700586e-01	2.055044e-01
1.039683067335979e+00	1.039683e+00	2.056619e-01
1.114304721019037e+00	1.114305e+00	2.058306e-01
1.194282229167111e+00	1.194282e+00	2.060115e-01
1.279999999999997e+00	1.280000e+00	2.062053e-01
1.371870032046452e+00	1.371870e+00	2.064130e-01
1.470333894396201e+00	1.470334e+00	2.066357e-01
1.575864849081489e+00	1.575865e+00	2.068743e-01
1.688970125789301e+00	1.688970e+00	2.071300e-01
1.810193359837557e+00	1.810193e+00	2.074041e-01
1.940117205133305e+00	1.940117e+00	2.076979e-01
2.079366134671958e+00	2.079366e+00	2.080128e-01
2.228609442038072e+00	2.228609e+00	2.083502e-01
2.388564458334221e+00	2.388564e+00	2.087119e-01
2.559999999999994e+00	2.560000e+00	2.090996e-01
2.743740064092904e+00	2.743740e+00	2.095151e-01
2.940667788792402e+00	2.940668e+00	2.099603e-01
3.151729698162977e+00	3.151730e+00	2.104376e-01
3.377940251578601e+00	3.377940e+00	2.109491e-01
3.620386719675114e+00	3.620387e+00	2.114973e-01
3.880234410266609e+00	3.880234e+00	2.120849e-01
4.158732269343915e+00	4.158732e+00	2.127146e-01
4.457218884076144e+00	4.457219e+00	2.133895e-01
4.777128916668441e+00	4.777129e+00	2.141129e-01
5.000000000000000e+00	5.000000e+00	2.146168e-01
Step Information: V2=825m  (Step: 7/9)
1.000000000000000e-02	1.000000e-02	-4.999789e-03
1.071773462536293e-02	1.071773e-02	-4.626741e-03
1.148698354997035e-02	1.148698e-02	-4.223825e-03
1.231144413344916e-02	1.231144e-02	-3.788430e-03
1.319507910772894e-02	1.319508e-02	-3.317685e-03
1.414213562373095e-02	1.414214e-02	-2.808433e-03
1.515716566510398e-02	1.515717e-02	-2.257200e-03
1.624504792712471e-02	1.624505e-02	-1.660151e-03
1.741101126592248e-02	1.741101e-02	-1.013056e-03
1.866065983073614e-02	1.866066e-02	-3.112420e-04
1.999999999999999e-02	2.000000e-02	4.504618e-04
2.143546925072586e-02	2.143547e-02	1.277778e-03
2.297396709994069e-02	2.297397e-02	2.177049e-03
2.462288826689831e-02	2.462289e-02	3.155309e-03
2.639015821545787e-02	2.639016e-02	4.220360e-03
2.828427124746189e-02	2.828427e-02	5.380872e-03
3.031433133020795e-02	3.031433e-02	6.646469e-03
3.249009585424940e-02	3.249010e-02	8.027851e-03
3.482202253184495e-02	3.482202e-02	9.536901e-03
3.732131966147228e-02	3.732132e-02	1.118683e-02
3.999999999999997e-02	4.000000e-02	1.299229e-02
4.287093850145170e-02	4.287094e-02	1.496957e-02
4.594793419988137e-02	4.594794e-02	1.713670e-02
4.924577653379662e-02	4.924577e-02	1.951367e-02
5.278031643091573e-02	5.278032e-02	2.212257e-02
5.656854249492376e-02	5.656854e-02	2.498775e-02
6.062866266041587e-02	6.062866e-02	2.813605e-02
6.498019170849878e-02	6.498019e-02	3.159691e-02
6.964404506368987e-02	6.964404e-02	3.540257e-02
7.464263932294453e-02	7.464264e-02	3.958818e-02
7.999999999999993e-02	8.000000e-02	4.419191e-02
8.574187700290338e-02	8.574188e-02	4.925506e-02
9.189586839976270e-02	9.189587e-02	5.482207e-02
9.849155306759320e-02	9.849155e-02	6.094048e-02
1.055606328618314e-01	1.055606e-01	6.766085e-02
1.131370849898475e-01	1.131371e-01	7.503649e-02
1.212573253208317e-01	1.212573e-01	8.312312e-02
1.299603834169975e-01	1.299604e-01	9.197826e-02
1.392880901273797e-01	1.392881e-01	1.016604e-01
1.492852786458890e-01	1.492853e-01	1.122277e-01
1.599999999999998e-01	1.600000e-01	1.237360e-01
1.714837540058067e-01	1.714838e-01	1.362361e-01
1.837917367995254e-01	1.837917e-01	1.497699e-01
1.969831061351863e-01	1.969831e-01	1.643633e-01
2.111212657236628e-01	2.111213e-01	1.800177e-01
2.262741699796949e-01	2.262742e-01	1.966938e-01
2.425146506416634e-01	2.425147e-01	2.142886e-01
2.599207668339950e-01	2.599208e-01	2.325963e-01
2.785761802547593e-01	2.785762e-01	2.512471e-01
2.985705572917779e-01	2.985705e-01	2.696145e-01
3.199999999999995e-01	3.200000e-01	2.867056e-01
3.429675080116133e-01	3.429675e-01	3.011489e-01
3.675834735990506e-01	3.675835e-01	3.116035e-01
3.939662122703725e-01	3.939662e-01	3.177323e-01
4.222425314473255e-01	4.222425e-01	3.206260e-01
4.525483399593897e-01	4.525483e-01	3.218035e-01
4.850293012833266e-01	4.850293e-01	3.222758e-01
5.198415336679899e-01	5.198416e-01	3.225065e-01
5.571523605095184e-01	5.571523e-01	3.226683e-01
5.971411145835556e-01	5.971411e-01	3.228180e-01
6.399999999999988e-01	6.400000e-01	3.229725e-01
6.859350160232264e-01	6.859350e-01	3.231367e-01
7.351669471981009e-01	7.351670e-01	3.233123e-01
7.879324245407449e-01	7.879324e-01	3.235006e-01
8.444850628946508e-01	8.444850e-01	3.237023e-01
9.050966799187791e-01	9.050967e-01	3.239186e-01
9.700586025666529e-01	9.700586e-01	3.241503e-01
1.039683067335979e+00	1.039683e+00	3.243987e-01
1.114304721019037e+00	1.114305e+00	3.246649e-01
1.194282229167111e+00	1.194282e+00	3.249502e-01
1.279999999999997e+00	1.280000e+00	3.252560e-01
1.371870032046452e+00	1.371870e+00	3.255837e-01
1.470333894396201e+00	1.470334e+00	3.259349e-01
1.575864849081489e+00	1.575865e+00	3.263114e-01
1.688970125789301e+00	1.688970e+00	3.267149e-01
1.810193359837557e+00	1.810193e+00	3.271473e-01
1.940117205133305e+00	1.940117e+00	3.276108e-01
2.079366134671958e+00	2.079366e+00	3.281076e-01
2.228609442038072e+00	2.228609e+00	3.286400e-01
2.388564458334221e+00	2.388564e+00	3.292106e-01
2.559999999999994e+00	2.560000e+00	3.298222e-01
2.743740064092904e+00	2.743740e+00	3.304777e-01
2.940667788792402e+00	2.940668e+00	3.311802e-01
3.151729698162977e+00	3.151730e+00	3.319331e-01
3.377940251578601e+00	3.377940e+00	3.327401e-01
3.620386719675114e+00	3.620387e+00	3.336050e-01
3.880234410266609e+00	3.880234e+00	3.345319e-01
4.158732269343915e+00	4.158732e+00	3.355254e-01
4.457218884076144e+00	4.457219e+00	3.365902e-01
4.777128916668441e+00	4.777129e+00	3.377315e-01
5.000000000000000e+00	5.000000e+00	3.385265e-01
Step Information: V2=852.5m  (Step: 8/9)
1.000000000000000e-02	1.000000e-02	-5.767838e-03
1.071773462536293e-02	1.071773e-02	-5.348417e-03
1.148698354997035e-02	1.148698e-02	-4.895519e-03
1.231144413344916e-02	1.231144e-02	-4.406234e-03
1.319507910772894e-02	1.319508e-02	-3.877372e-03
1.414213562373095e-02	1.414214e-02	-3.305428e-03
1.515716566510398e-02	1.515717e-02	-2.686544e-03
1.624504792712471e-02	1.624505e-02	-2.016475e-03
1.741101126592248e-02	1.741101e-02	-1.290543e-03
1.866065983073614e-02	1.866066e-02	-5.035870e-04
1.999999999999999e-02	2.000000e-02	3.500899e-04
2.143546925072586e-02	2.143547e-02	1.276783e-03
2.297396709994069e-02	2.297397e-02	2.283455e-03
2.462288826689831e-02	2.462289e-02	3.377810e-03
2.639015821545787e-02	2.639016e-02	4.568377e-03
2.828427124746189e-02	2.828427e-02	5.864605e-03
3.031433133020795e-02	3.031433e-02	7.276968e-03
3.249009585424940e-02	3.249010e-02	8.817069e-03
3.482202253184495e-02	3.482202e-02	1.049777e-02
3.732131966147228e-02	3.732132e-02	1.233334e-02
3.999999999999997e-02	4.000000e-02	1.433955e-02
4.287093850145170e-02	4.287094e-02	1.653389e-02
4.594793419988137e-02	4.594794e-02	1.893570e-02
4.924577653379662e-02	4.924577e-02	2.156634e-02
5.278031643091573e-02	5.278032e-02	2.444941e-02
5.656854249492376e-02	5.656854e-02	2.761087e-02
6.062866266041587e-02	6.062866e-02	3.107930e-02
6.498019170849878e-02	6.498019e-02	3.488607e-02
6.964404506368987e-02	6.964404e-02	3.906551e-02
7.464263932294453e-02	7.464264e-02	4.365514e-02
7.999999999999993e-02	8.000000e-02	4.869580e-02
8.574187700290338e-02	8.574188e-02	5.423186e-02
9.189586839976270e-02	9.189587e-02	6.031134e-02
9.849155306759320e-02	9.849155e-02	6.698604e-02
1.055606328618314e-01	1.055606e-01	7.431163e-02
1.131370849898475e-01	1.131371e-01	8.234768e-02
1.212573253208317e-01	1.212573e-01	9.115767e-02
1.299603834169975e-01	1.299604e-01	1.008089e-01
1.392880901273797e-01	1.392881e-01	1.113721e-01
1.492852786458890e-01	1.492853e-01	1.229215e-01
1.599999999999998e-01	1.600000e-01	1.355337e-01
1.714837540058067e-01	1.714838e-01	1.492871e-01
1.837917367995254e-01	1.837917e-01	1.642606e-01
1.969831061351863e-01	1.969831e-01	1.805312e-01
2.111212657236628e-01	2.111213e-01	1.981712e-01
2.262741699796949e-01	2.262742e-01	2.172433e-01
2.425146506416634e-01	2.425147e-01	2.377932e-01
2.599207668339950e-01	2.599208e-01	2.598383e-01
2.785761802547593e-01	2.785762e-01	2.833486e-01
2.985705572917779e-01	2.985705e-01	3.082154e-01
3.199999999999995e-01	3.200000e-01	3.341968e-01
3.429675080116133e-01	3.429675e-01	3.608226e-01
3.675834735990506e-01	3.675835e-01	3.872270e-01
3.939662122703725e-01	3.939662e-01	4.118905e-01
4.222425314473255e-01	4.222425e-01	4.324509e-01
4.525483399593897e-01	4.525483e-01	4.464058e-01
4.850293012833266e-01	4.850293e-01	4.534464e-01
5.198415336679899e-01	5.198416e-01	4.561294e-01
5.571523605095184e-01	5.571523e-01	4.570463e-01
5.971411145835556e-01	5.971411e-01	4.574304e-01
6.399999999999988e-01	6.400000e-01	4.576873e-01
6.859350160232264e-01	6.859350e-01	4.579275e-01
7.351669471981009e-01	7.351670e-01	4.581778e-01
7.879324245407449e-01	7.879324e-01	4.584448e-01
8.444850628946508e-01	8.444850e-01	4.587308e-01
9.050966799187791e-01	9.050967e-01	4.590373e-01
9.700586025666529e-01	9.700586e-01	4.593657e-01
1.039683067335979e+00	1.039683e+00	4.597178e-01
1.114304721019037e+00	1.114305e+00	4.600951e-01
1.194282229167111e+00	1.194282e+00	4.604995e-01
1.279999999999997e+00	1.280000e+00	4.609329e-01
1.371870032046452e+00	1.371870e+00	4.613974e-01
1.470333894396201e+00	1.470334e+00	4.618953e-01
1.575864849081489e+00	1.575865e+00	4.624288e-01
1.688970125789301e+00	1.688970e+00	4.630007e-01
1.810193359837557e+00	1.810193e+00	4.636137e-01
1.940117205133305e+00	1.940117e+00	4.642706e-01
2.079366134671958e+00	2.079366e+00	4.649747e-01
2.228609442038072e+00	2.228609e+00	4.657293e-01
2.388564458334221e+00	2.388564e+00	4.665381e-01
2.559999999999994e+00	2.560000e+00	4.674049e-01
2.743740064092904e+00	2.743740e+00	4.683339e-01
2.940667788792402e+00	2.940668e+00	4.693297e-01
3.151729698162977e+00	3.151730e+00	4.703968e-01
3.377940251578601e+00	3.377940e+00	4.715406e-01
3.620386719675114e+00	3.620387e+00	4.727665e-01
3.880234410266609e+00	3.880234e+00	4.740804e-01
4.158732269343915e+00	4.158732e+00	4.754885e-01
4.457218884076144e+00	4.457219e+00	4.769977e-01
4.777128916668441e+00	4.777129e+00	4.786153e-01
5.000000000000000e+00	5.000000e+00	4.797422e-01
Step Information: V2=880m  (Step: 9/9)
1.000000000000000e-02	1.000000e-02	-6.513684e-03
1.071773462536293e-02	1.071773e-02	-6.051402e-03
1.148698354997035e-02	1.148698e-02	-5.552400e-03
1.231144413344916e-02	1.231144e-02	-5.013520e-03
1.319507910772894e-02	1.319508e-02	-4.431298e-03
1.414213562373095e-02	1.414214e-02	-3.801937e-03
1.515716566510398e-02	1.515717e-02	-3.121263e-03
1.624504792712471e-02	1.624505e-02	-2.384693e-03
1.741101126592248e-02	1.741101e-02	-1.587183e-03
1.866065983073614e-02	1.866066e-02	-7.231803e-04
1.999999999999999e-02	2.000000e-02	2.134325e-04
2.143546925072586e-02	2.143547e-02	1.229402e-03
2.297396709994069e-02	2.297397e-02	2.332171e-03
2.462288826689831e-02	2.462289e-02	3.529960e-03
2.639015821545787e-02	2.639016e-02	4.831845e-03
2.828427124746189e-02	2.828427e-02	6.247859e-03
3.031433133020795e-02	3.031433e-02	7.789092e-03
3.249009585424940e-02	3.249010e-02	9.467802e-03
3.482202253184495e-02	3.482202e-02	1.129754e-02
3.732131966147228e-02	3.732132e-02	1.329329e-02
3.999999999999997e-02	4.000000e-02	1.547160e-02
4.287093850145170e-02	4.287094e-02	1.785075e-02
4.594793419988137e-02	4.594794e-02	2.045090e-02
4.924577653379662e-02	4.924577e-02	2.329430e-02
5.278031643091573e-02	5.278032e-02	2.640544e-02
5.656854249492376e-02	5.656854e-02	2.981124e-02
6.062866266041587e-02	6.062866e-02	3.354130e-02
6.498019170849878e-02	6.498019e-02	3.762803e-02
6.964404506368987e-02	6.964404e-02	4.210693e-02
7.464263932294453e-02	7.464264e-02	4.701674e-02
7.999999999999993e-02	8.000000e-02	5.239969e-02
8.574187700290338e-02	8.574188e-02	5.830169e-02
9.189586839976270e-02	9.189587e-02	6.477255e-02
9.849155306759320e-02	9.849155e-02	7.186610e-02
1.055606328618314e-01	1.055606e-01	7.964049e-02
1.131370849898475e-01	1.131371e-01	8.815822e-02
1.212573253208317e-01	1.212573e-01	9.748639e-02
1.299603834169975e-01	1.299604e-01	1.076967e-01
1.392880901273797e-01	1.392881e-01	1.188656e-01
1.492852786458890e-01	1.492853e-01	1.310742e-01
1.599999999999998e-01	1.600000e-01	1.444081e-01
1.714837540058067e-01	1.714838e-01	1.589572e-01
1.837917367995254e-01	1.837917e-01	1.748156e-01
1.969831061351863e-01	1.969831e-01	1.920800e-01
2.111212657236628e-01	2.111213e-01	2.108495e-01
2.262741699796949e-01	2.262742e-01	2.312234e-01
2.425146506416634e-01	2.425147e-01	2.532985e-01
2.599207668339950e-01	2.599208e-01	2.771651e-01
2.785761802547593e-01	2.785762e-01	3.029008e-01
2.985705572917779e-01	2.985705e-01	3.305598e-01
3.199999999999995e-01	3.200000e-01	3.601568e-01
3.429675080116133e-01	3.429675e-01	3.916382e-01
3.675834735990506e-01	3.675835e-01	4.248320e-01
3.939662122703725e-01	3.939662e-01	4.593558e-01
4.222425314473255e-01	4.222425e-01	4.944381e-01
4.525483399593897e-01	4.525483e-01	5.285782e-01
4.850293012833266e-01	4.850293e-01	5.589905e-01
5.198415336679899e-01	5.198416e-01	5.814738e-01
5.571523605095184e-01	5.571523e-01	5.933363e-01
5.971411145835556e-01	5.971411e-01	5.975535e-01
6.399999999999988e-01	6.400000e-01	5.988075e-01
6.859350160232264e-01	6.859350e-01	5.993076e-01
7.351669471981009e-01	7.351670e-01	5.996678e-01
7.879324245407449e-01	7.879324e-01	6.000224e-01
8.444850628946508e-01	8.444850e-01	6.003973e-01
9.050966799187791e-01	9.050967e-01	6.007986e-01
9.700586025666529e-01	9.700586e-01	6.012286e-01
1.039683067335979e+00	1.039683e+00	6.016894e-01
1.114304721019037e+00	1.114305e+00	6.021833e-01
1.194282229167111e+00	1.194282e+00	6.027126e-01
1.279999999999997e+00	1.280000e+00	6.032799e-01
1.371870032046452e+00	1.371870e+00	6.038880e-01
1.470333894396201e+00	1.470334e+00	6.045398e-01
1.575864849081489e+00	1.575865e+00	6.052382e-01
1.688970125789301e+00	1.688970e+00	6.059868e-01
1.810193359837557e+00	1.810193e+00	6.067891e-01
1.940117205133305e+00	1.940117e+00	6.076490e-01
2.079366134671958e+00	2.079366e+00	6.085707e-01
2.228609442038072e+00	2.228609e+00	6.095585e-01
2.388564458334221e+00	2.388564e+00	6.106172e-01
2.559999999999994e+00	2.560000e+00	6.117519e-01
2.743740064092904e+00	2.743740e+00	6.129679e-01
2.940667788792402e+00	2.940668e+00	6.142713e-01
3.151729698162977e+00	3.151730e+00	6.156683e-01
3.377940251578601e+00	3.377940e+00	6.171654e-01
3.620386719675114e+00	3.620387e+00	6.187701e-01
3.880234410266609e+00	3.880234e+00	6.204900e-01
4.158732269343915e+00	4.158732e+00	6.223332e-01
4.457218884076144e+00	4.457219e+00	6.243088e-01
4.777128916668441e+00	4.777129e+00	6.264262e-01
5.000000000000000e+00	5.000000e+00	6.279013e-01
